5.634964257478713989e-02 3.004008531570434570e-01 -1.071198105812072754e+00 -8.726322650909423828e-01 -1.142293095588684082e+00 -3.952729940414428711e+00 -8.311900138854980469e+00 1.693634223937988281e+01 2.711675763130187988e-01 1.961613059043884277e+00
-3.559050321578979492e+00 -5.703511238098144531e-01 3.510883808135986328e+00 3.426146984100341797e+00 -4.015673160552978516e+00 -1.312895536422729492e+00 -1.336658573150634766e+01 1.186059474945068359e+01 1.186363339424133301e+00 2.034710645675659180e-01
6.528525352478027344e-01 -8.089363098144531250e+00 3.995149612426757812e+00 1.685827636718750000e+01 -1.184716701507568359e+01 2.441353321075439453e+00 -8.137540817260742188e+00 -3.303649902343750000e+00 5.628558158874511719e+00 3.358646929264068604e-01
1.223510727286338806e-01 -6.857504844665527344e+00 -4.237269878387451172e+00 -2.396136283874511719e+00 -1.672608017921447754e+00 5.181297779083251953e+00 1.190827369689941406e+01 -8.289815902709960938e+00 6.109414577484130859e+00 1.041419059038162231e-01
1.681758689880371094e+01 -6.250744819641113281e+00 1.642211318016052246e+00 -6.149270534515380859e+00 -8.395994186401367188e+00 8.315448760986328125e-01 5.720768451690673828e+00 -4.617654323577880859e+00 -3.920023918151855469e+00 -4.424335360527038574e-01
-1.319366359710693359e+01 9.011844396591186523e-01 -5.254074573516845703e+00 -1.246796321868896484e+01 2.273628234863281250e+01 -2.004680871963500977e+00 -1.350741624832153320e+00 2.660850524902343750e+00 3.871427297592163086e+00 5.075169086456298828e+00
-1.179157495498657227e+00 1.394157409667968750e+01 6.840767860412597656e-01 -3.945872783660888672e+00 2.959013462066650391e+00 -5.735363006591796875e+00 -9.213779449462890625e+00 7.763522148132324219e+00 1.991047859191894531e+00 3.482687711715698242e+00
-6.347144603729248047e+00 -1.112834215164184570e+00 -1.462210774421691895e+00 2.534181213378906250e+01 -1.225016212463378906e+01 8.083191514015197754e-01 -1.660956001281738281e+01 8.124486923217773438e+00 5.749262809753417969e+00 2.320646762847900391e+00
-1.090470600128173828e+01 7.258976697921752930e-01 -5.237152576446533203e+00 -7.716207027435302734e+00 1.799833869934082031e+01 -1.341628670692443848e+00 2.051309108734130859e+00 3.860409736633300781e+00 3.472927808761596680e-01 1.917025744915008545e-01
-5.502116203308105469e+00 -8.052486419677734375e+00 -2.477071046829223633e+00 4.333024978637695312e+00 6.047116279602050781e+00 -2.540351629257202148e+00 -1.080017375946044922e+01 4.251962661743164062e+00 2.916058540344238281e+00 1.593295383453369141e+01
-8.077629208564758301e-01 1.507163333892822266e+01 -1.572056293487548828e+00 -7.304235458374023438e+00 3.542354345321655273e+00 -2.987358570098876953e+00 -1.434388637542724609e+00 4.753643035888671875e+00 7.227419614791870117e-01 -1.430134892463684082e+00
-4.549765586853027344e+00 -7.205399990081787109e+00 -8.242251396179199219e+00 2.350570857524871826e-01 3.541902780532836914e+00 2.074539661407470703e+00 -8.086394309997558594e+00 2.868094921112060547e+00 3.609862565994262695e+00 1.703587150573730469e+01
-9.220765113830566406e+00 -2.895956277847290039e+00 -8.348417282104492188e+00 2.399667549133300781e+01 -1.088735103607177734e+01 1.183326244354248047e+01 -7.636526584625244141e+00 -5.282458305358886719e+00 1.086910629272460938e+01 1.231390237808227539e+00
1.813735961914062500e+01 -4.490680694580078125e+00 3.949271917343139648e+00 -8.098845481872558594e+00 -5.624471664428710938e+00 -2.348156213760375977e+00 6.865545272827148438e+00 -6.538636684417724609e+00 -6.077255249023437500e+00 -3.063697516918182373e-01
-3.248148202896118164e+00 -4.995872974395751953e+00 3.652347803115844727e+00 -1.150640368461608887e+00 -1.160048389434814453e+01 7.487046718597412109e+00 7.778397083282470703e+00 -9.426615715026855469e+00 1.547335433959960938e+01 -2.540327787399291992e+00
1.544123888015747070e-01 -4.035213470458984375e+00 2.328756749629974365e-01 6.115157127380371094e+00 -1.791893243789672852e+00 6.572476029396057129e-01 -4.935495555400848389e-02 -1.039996337890625000e+01 1.385623931884765625e+01 1.617220163345336914e+00
-5.641958236694335938e+00 -1.074924707412719727e+00 3.508825302124023438e+00 5.910867691040039062e+00 -3.198117733001708984e+00 -1.030404925346374512e+00 -7.226089954376220703e+00 2.850104570388793945e+00 6.725376605987548828e+00 3.249381184577941895e-01
-1.083583474159240723e+00 1.176621150970458984e+01 -9.963617324829101562e-01 -6.607414245605468750e+00 3.875294208526611328e+00 -2.454861402511596680e+00 2.092020511627197266e+00 3.499912500381469727e+00 2.283371448516845703e+00 -5.297038078308105469e+00
1.409162712097167969e+01 -5.054219722747802734e+00 -1.094793528318405151e-01 -4.400073051452636719e+00 2.168660312891006470e-01 -1.787864685058593750e+00 5.604322910308837891e+00 -7.043205738067626953e+00 -1.022749328613281250e+01 4.062952518463134766e+00
-3.250678539276123047e+00 -1.616187393665313721e-01 1.531443715095520020e+00 6.801755428314208984e+00 -5.002204418182373047e+00 -2.416561603546142578e+00 -1.799834060668945312e+01 1.595531654357910156e+01 -1.222315788269042969e+00 6.570213794708251953e+00
5.666252136230468750e+00 -4.902744770050048828e+00 3.007606267929077148e-01 -4.836357116699218750e+00 3.928121566772460938e+00 -3.385790348052978516e+00 -3.263029456138610840e-01 -2.006839752197265625e+00 -5.355022430419921875e+00 8.397213935852050781e+00
6.404337406158447266e+00 -1.127518773078918457e+00 -1.810119450092315674e-01 -9.019401550292968750e+00 2.494202613830566406e+00 -2.557862550020217896e-03 2.001343917846679688e+01 -4.173435211181640625e+00 8.889830112457275391e-01 -9.748909950256347656e+00
-3.979129791259765625e+00 1.466938304901123047e+01 2.914479970932006836e+00 -5.996022224426269531e+00 3.562723875045776367e+00 -4.560098648071289062e+00 2.039564371109008789e+00 1.306686639785766602e+00 4.165039062500000000e+00 -4.871499061584472656e+00
-2.518219232559204102e+00 6.173537731170654297e+00 2.126679039001464844e+01 7.160892963409423828e+00 -1.188102245330810547e+01 -7.323356151580810547e+00 -1.219203662872314453e+01 -2.545202255249023438e+00 9.640304565429687500e+00 -5.236495494842529297e+00
-8.574579238891601562e+00 -6.173099994659423828e+00 -6.679840564727783203e+00 9.001401901245117188e+00 -5.386849880218505859e+00 1.724050903320312500e+01 -4.204939842224121094e+00 -1.069894409179687500e+01 7.188866615295410156e+00 9.060136795043945312e+00
-7.445739269256591797e+00 -2.728777170181274414e+00 -8.309515953063964844e+00 1.244590580463409424e-01 6.326699733734130859e+00 -8.442282676696777344e-01 -1.177213287353515625e+01 5.834136962890625000e+00 1.995208024978637695e+00 1.695294761657714844e+01
2.168048322200775146e-01 -1.410823464393615723e+00 4.094803810119628906e+00 2.029962062835693359e+00 -5.359054565429687500e+00 -5.341433525085449219e+00 -1.238580513000488281e+01 1.442123603820800781e+01 1.437758803367614746e+00 4.653400421142578125e+00
1.176988601684570312e+00 1.051467895507812500e+01 4.962664127349853516e+00 -7.381588935852050781e+00 -8.452692031860351562e-01 -3.022416830062866211e+00 4.076459407806396484e+00 -3.304354906082153320e+00 5.985432624816894531e+00 -5.396426200866699219e+00
6.700257658958435059e-01 1.565139961242675781e+01 8.101060986518859863e-01 -9.051406860351562500e+00 2.477814912796020508e+00 -4.005616188049316406e+00 -3.672020435333251953e-01 3.503041267395019531e+00 2.383512496948242188e+00 -3.563463926315307617e+00
-4.615834653377532959e-01 1.018561124801635742e+00 3.124496936798095703e+00 5.812603950500488281e+00 -1.071477985382080078e+01 -2.059781998395919800e-01 -4.677173614501953125e+00 -1.111630439758300781e+00 1.576256275177001953e+01 -1.203664779663085938e+00
-3.735004425048828125e+00 -8.545215606689453125e+00 -1.290709781646728516e+01 7.744801521301269531e+00 -5.969405174255371094e+00 2.129354476928710938e+01 -4.564678192138671875e+00 -2.298342704772949219e+00 -7.473090887069702148e-01 8.322649002075195312e+00
-6.053610801696777344e+00 -7.780452251434326172e+00 -8.050818443298339844e+00 5.978118896484375000e+00 -4.713966369628906250e+00 1.314704036712646484e+01 -1.826242923736572266e+00 -1.731382846832275391e+00 2.920163631439208984e+00 6.306081295013427734e+00
-4.286160945892333984e+00 4.019629061222076416e-01 1.159572315216064453e+01 2.039377450942993164e+00 -6.556150317192077637e-01 -6.661795377731323242e-01 -3.399991989135742188e+00 8.200858235359191895e-01 4.379684329032897949e-01 -1.002219009399414062e+01
-1.562245130538940430e+00 -5.247884273529052734e+00 -8.031687736511230469e+00 2.411420822143554688e+00 4.696909427642822266e+00 -2.154392957687377930e+00 -8.475090980529785156e+00 4.457483768463134766e+00 3.290733814239501953e+00 1.564991474151611328e+01
4.082889556884765625e+00 -3.005200147628784180e+00 -2.456933021545410156e+00 -2.579167604446411133e+00 -2.172738552093505859e+00 5.627161026000976562e+00 1.651855468750000000e+01 -6.728245735168457031e+00 1.837328195571899414e+00 -6.486894130706787109e+00
-5.735229969024658203e+00 -3.184465408325195312e+00 -4.860039710998535156e+00 -4.465301990509033203e+00 1.070705699920654297e+01 -4.695716798305511475e-01 -1.040727972984313965e+00 -2.440674543380737305e+00 4.177639484405517578e+00 8.988111495971679688e+00
-2.031396865844726562e+00 2.124340057373046875e+00 2.277119636535644531e+01 8.680748939514160156e-02 2.423641681671142578e-01 -4.822015762329101562e+00 -3.088099241256713867e+00 1.446465373039245605e+00 3.774595856666564941e-01 -1.680761528015136719e+01
-1.015952873229980469e+01 1.695460557937622070e+00 6.584259271621704102e-01 2.339612960815429688e+01 -7.861609458923339844e+00 3.731728315353393555e+00 -1.983712959289550781e+01 1.954924702644348145e+00 5.155768394470214844e+00 5.974308967590332031e+00
-4.703881740570068359e+00 1.344086551666259766e+01 2.503356337547302246e-01 -5.965463638305664062e+00 1.141486525535583496e+00 -1.431793570518493652e+00 -3.790374279022216797e+00 -7.701078057289123535e-01 3.350642442703247070e+00 3.617770373821258545e-01
1.489505410194396973e+00 -2.060947418212890625e+00 -3.023926258087158203e+00 -1.081532001495361328e+01 7.876388072967529297e+00 -4.931596815586090088e-01 2.057495307922363281e+01 -3.840567588806152344e+00 -2.219359874725341797e+00 -3.141513109207153320e+00
-8.637375831604003906e+00 -7.678455829620361328e+00 -6.487232208251953125e+00 1.571885704994201660e+00 8.527381896972656250e+00 -2.927195549011230469e+00 -1.232196998596191406e+01 8.454703330993652344e+00 5.685266494750976562e+00 1.637371063232421875e+01
-8.407242774963378906e+00 -1.342727780342102051e+00 -4.754373550415039062e+00 -6.247727394104003906e+00 2.009464454650878906e+01 -2.530632734298706055e+00 -1.860340833663940430e+00 1.050486564636230469e+00 1.991387128829956055e+00 5.147806644439697266e+00
-6.059135913848876953e+00 -1.510009646415710449e+00 -4.600887298583984375e+00 9.432540535926818848e-01 5.458293914794921875e+00 5.850263237953186035e-01 -1.140503978729248047e+01 2.088789701461791992e+00 1.196089982986450195e+00 1.565606880187988281e+01
2.927406311035156250e+00 -5.714472293853759766e+00 -4.305210590362548828e+00 -5.464454174041748047e+00 -3.050995588302612305e+00 7.185325145721435547e+00 1.901475334167480469e+01 -7.693894863128662109e+00 4.314295291900634766e+00 -3.024809360504150391e+00
3.360650300979614258e+00 -3.715344429016113281e+00 9.546928405761718750e-01 -1.041696357727050781e+01 5.404893398284912109e+00 -7.396941781044006348e-01 2.160776329040527344e+01 -5.983390808105468750e+00 -1.440254330635070801e+00 -5.446528911590576172e+00
-7.236090302467346191e-01 -2.265202045440673828e+00 3.740209579467773438e+00 -1.342125058174133301e+00 1.122281742095947266e+01 -2.936381340026855469e+00 -5.152984619140625000e+00 3.690101385116577148e+00 6.640570163726806641e-01 -5.802728652954101562e+00
-2.837652206420898438e+00 1.657020759582519531e+01 -4.628189802169799805e-01 -1.110144710540771484e+01 7.210208415985107422e+00 -4.380589008331298828e+00 -8.152329921722412109e-01 4.575171470642089844e+00 3.522366285324096680e+00 1.117210268974304199e+00
-9.368872642517089844e+00 -1.370902508497238159e-01 -5.382448673248291016e+00 -6.685972690582275391e+00 2.133552551269531250e+01 -1.969931840896606445e+00 -4.169374942779541016e+00 6.933438777923583984e-01 2.423477888107299805e+00 7.790985107421875000e+00
-6.091890931129455566e-01 1.662281227111816406e+01 3.494823575019836426e-01 -7.826713085174560547e+00 3.525230407714843750e+00 -4.410222053527832031e+00 5.873380899429321289e-01 2.392416954040527344e+00 2.643196284770965576e-01 -3.507875919342041016e+00
-3.148031234741210938e+00 -5.274893283843994141e+00 1.587883472442626953e+00 6.586724758148193359e+00 -5.672051429748535156e+00 -2.949881315231323242e+00 -9.402666091918945312e+00 3.808202028274536133e+00 1.590114688873291016e+01 2.770814180374145508e+00
2.311332702636718750e+00 -3.777094602584838867e+00 2.179325103759765625e+01 1.317017793655395508e+00 -3.037706136703491211e+00 -2.952140331268310547e+00 -7.416036128997802734e+00 -1.140795350074768066e-01 -1.101255416870117188e-01 -1.284264469146728516e+01
2.660252094268798828e+00 1.162743091583251953e+00 -3.102940320968627930e+00 -6.225608348846435547e+00 4.481869220733642578e+00 8.242214918136596680e-01 8.332267761230468750e+00 -2.911279201507568359e+00 -3.324373483657836914e+00 -1.432287335395812988e+00
2.787500143051147461e+00 2.585022449493408203e-01 1.901310348510742188e+01 1.383828639984130859e+00 -1.382619667053222656e+01 -2.026675224304199219e+00 -1.275966358184814453e+01 6.927547454833984375e+00 5.484455227851867676e-01 -4.232311248779296875e+00
6.514062404632568359e+00 -1.016863727569580078e+01 -1.618791222572326660e+00 2.459936439990997314e-01 -4.766563415527343750e+00 5.725279331207275391e+00 1.662130165100097656e+01 -9.643973350524902344e+00 2.832423925399780273e+00 -4.881997108459472656e+00
-2.310080528259277344e+00 3.519553691148757935e-02 2.163408994674682617e+00 2.851910591125488281e+00 -4.543087005615234375e+00 -1.764625191688537598e+00 -1.618753433227539062e+01 1.739344978332519531e+01 -4.354357242584228516e+00 6.227659702301025391e+00
1.742594146728515625e+01 -5.848985671997070312e+00 3.891523838043212891e+00 -5.361293792724609375e+00 -2.733536958694458008e+00 -3.900576353073120117e+00 1.659557104110717773e+00 -3.300706386566162109e+00 -8.326909065246582031e+00 3.226610660552978516e+00
1.960281372070312500e+01 -5.445697784423828125e+00 3.745375394821166992e+00 -5.084714412689208984e+00 -1.965020224452018738e-02 -7.169775485992431641e+00 -1.716291904449462891e-01 -1.452219486236572266e+00 -4.619596481323242188e+00 4.427191317081451416e-01
-5.618772029876708984e+00 -4.158114433288574219e+00 -3.652232646942138672e+00 4.457261562347412109e+00 3.565797805786132812e+00 -3.298455476760864258e+00 -1.229754352569580078e+01 3.695693969726562500e+00 4.926013946533203125e+00 1.584325599670410156e+01
-1.670838236808776855e+00 -2.391378879547119141e+00 -5.689007043838500977e-01 -4.828620433807373047e+00 1.306820631027221680e+00 2.403451681137084961e+00 9.469320297241210938e+00 -5.407919883728027344e+00 2.959992647171020508e+00 1.431191444396972656e+00
1.480427169799804688e+01 -9.900337219238281250e+00 -2.938571214675903320e+00 1.752880334854125977e+00 -6.963189125061035156e+00 1.745547771453857422e+00 5.587860584259033203e+00 1.918801367282867432e-01 -1.657839179039001465e+00 -2.787708520889282227e+00
5.201414108276367188e+00 -7.399729728698730469e+00 -6.677240371704101562e+00 -1.325254678726196289e+00 -8.556358337402343750e+00 1.216028213500976562e+01 3.917602300643920898e+00 -3.161244392395019531e+00 1.205098390579223633e+00 -1.304028034210205078e+00
1.134643316268920898e+00 -8.573633432388305664e-01 1.838428115844726562e+01 3.507798671722412109e+00 -1.147998046875000000e+01 -2.548915624618530273e+00 -8.793518066406250000e+00 3.675190210342407227e+00 -8.486474752426147461e-01 -4.648737430572509766e+00
-2.098615169525146484e+00 4.932835578918457031e+00 1.077403259277343750e+01 2.757576227188110352e+00 -6.561683177947998047e+00 -6.441443920135498047e+00 -1.450833415985107422e+01 1.546599674224853516e+01 7.714988589286804199e-01 -5.145404338836669922e+00
-1.650094985961914062e-01 -3.458426475524902344e+00 -1.813952803611755371e+00 2.657622814178466797e+00 -2.828645706176757812e+00 1.213861107826232910e-01 -3.551801741123199463e-01 -6.433894157409667969e+00 1.418982315063476562e+01 3.282245635986328125e+00
-5.793704509735107422e+00 -9.993451833724975586e-01 1.563810634613037109e+01 6.900352954864501953e+00 -7.694213867187500000e+00 -2.714185237884521484e+00 -1.545768833160400391e+01 8.503524780273437500e+00 1.810937762260437012e+00 -5.388898849487304688e+00
1.362845516204833984e+01 -5.125068187713623047e+00 -2.485280632972717285e-01 -3.924752473831176758e+00 -5.329778194427490234e+00 9.099868535995483398e-01 7.624615192413330078e+00 -1.589338779449462891e+00 -3.208572864532470703e+00 -2.511147499084472656e+00
1.189820575714111328e+01 -9.956254959106445312e+00 2.377866983413696289e+00 -2.376949071884155273e+00 3.409650325775146484e+00 -6.409855365753173828e+00 -4.786675453186035156e+00 -2.094870805740356445e+00 -3.082994222640991211e+00 6.882498264312744141e+00
7.197891473770141602e-01 -1.440144062042236328e+00 -1.982462048530578613e+00 -6.138998508453369141e+00 8.441669464111328125e+00 -3.739731609821319580e-01 1.205146217346191406e+01 -1.078333973884582520e+00 -4.051838874816894531e+00 -6.313514709472656250e+00
-5.706143856048583984e+00 2.981705665588378906e+00 9.372949600219726562e+00 8.320837974548339844e+00 -7.834228515625000000e+00 -4.838085174560546875e+00 -2.088207626342773438e+01 1.863877296447753906e+01 1.516490817070007324e+00 -1.051208749413490295e-01
-7.435841560363769531e+00 -2.792801856994628906e+00 -5.488105297088623047e+00 -4.570897221565246582e-01 5.469590187072753906e+00 -8.228214383125305176e-01 -8.138124465942382812e+00 3.539713144302368164e+00 3.537864685058593750e+00 1.492930412292480469e+01
8.846776485443115234e-01 -1.245442986488342285e+00 -6.643504142761230469e+00 -9.633595347404479980e-01 -1.349741840362548828e+01 1.808722114562988281e+01 3.806096076965332031e+00 -5.524517059326171875e+00 8.100224494934082031e+00 -3.062435984611511230e-01
1.669200658798217773e+00 1.072981238365173340e+00 5.612678050994873047e+00 1.062215924263000488e+00 -4.746286392211914062e+00 -2.862600088119506836e+00 -1.190460109710693359e+01 1.028186607360839844e+01 -1.314218163490295410e+00 3.184441804885864258e+00
9.128289222717285156e-01 1.235836696624755859e+01 2.813305854797363281e+00 -6.633954048156738281e+00 3.595622062683105469e+00 -4.650336265563964844e+00 -2.673940181732177734e+00 1.993878602981567383e+00 3.672066926956176758e+00 -6.330861449241638184e-01
4.376692473888397217e-01 3.163920402526855469e+00 1.313337802886962891e+01 6.476075649261474609e+00 -1.719393539428710938e+01 -3.219973325729370117e+00 -1.215867710113525391e+01 6.174160957336425781e+00 1.186208248138427734e+01 -4.417031288146972656e+00
7.696825265884399414e-01 -4.978740692138671875e+00 -6.824665069580078125e+00 9.996008276939392090e-01 -6.696588516235351562e+00 1.417502117156982422e+01 2.696906566619873047e+00 -5.282031059265136719e+00 1.665930628776550293e+00 3.291062593460083008e+00
-2.612465143203735352e+00 1.494376754760742188e+01 1.794930219650268555e+00 -7.995734691619873047e+00 5.098496437072753906e+00 -4.470773220062255859e+00 -3.144690036773681641e+00 3.818233728408813477e+00 3.017478227615356445e+00 2.964391708374023438e-01
-5.657502174377441406e+00 -5.366447448730468750e+00 -5.391368865966796875e+00 4.860343933105468750e+00 3.389115333557128906e+00 -2.385627031326293945e+00 -1.135855388641357422e+01 4.679887294769287109e+00 6.438556194305419922e+00 1.786245346069335938e+01
-8.337330818176269531e+00 -8.395730972290039062e+00 -9.931804656982421875e+00 9.349205017089843750e+00 -1.055583381652832031e+01 2.087877464294433594e+01 -8.318383097648620605e-01 -6.414437770843505859e+00 8.207066535949707031e+00 3.806112289428710938e+00
1.328883266448974609e+01 -5.918262958526611328e+00 -5.140364170074462891e-01 -4.583564281463623047e+00 -2.244068145751953125e+00 -1.466944694519042969e+00 4.543706417083740234e+00 -4.487994194030761719e+00 -6.260786533355712891e+00 2.536924123764038086e+00
-2.687338829040527344e+00 -8.213633537292480469e+00 -1.062463665008544922e+01 7.064062952995300293e-01 -1.020969200134277344e+01 2.261683273315429688e+01 6.581171989440917969e+00 -1.271510410308837891e+01 7.830678462982177734e+00 6.890407562255859375e+00
-5.133901119232177734e+00 -1.248078942298889160e+00 6.305424690246582031e+00 9.188307762145996094e+00 -7.366551399230957031e+00 -4.818651676177978516e+00 -1.380608940124511719e+01 1.875551605224609375e+01 2.846327781677246094e+00 -5.654756069183349609e+00
-5.119600772857666016e+00 1.763768959045410156e+01 -7.430968880653381348e-01 -6.731168270111083984e+00 7.988005161285400391e+00 -4.494524478912353516e+00 -3.081447601318359375e+00 7.076333999633789062e+00 1.931150197982788086e+00 -8.997553586959838867e-01
5.444816589355468750e+00 -3.477677583694458008e+00 -3.555104732513427734e+00 -1.000023174285888672e+01 1.505153536796569824e+00 2.215362548828125000e+00 2.300619506835937500e+01 -8.162021636962890625e+00 -2.259236335754394531e+00 -2.397660493850708008e+00
-8.263740539550781250e+00 -4.355823516845703125e+00 3.279409408569335938e+00 5.702734947204589844e+00 -4.545847415924072266e+00 -1.014238953590393066e+00 -2.799623489379882812e+00 -5.761231899261474609e+00 2.096277236938476562e+01 7.794306874275207520e-01
-5.901918888092041016e+00 -1.756022930145263672e+00 6.654931545257568359e+00 7.087853431701660156e+00 -6.151486396789550781e+00 -3.804030179977416992e+00 -1.362861919403076172e+01 1.601658630371093750e+01 3.036321878433227539e+00 -3.361754179000854492e+00
-2.501464188098907471e-01 -2.161553621292114258e+00 2.351090812683105469e+01 4.694721221923828125e+00 -1.423689842224121094e+01 -4.046693801879882812e+00 -1.181876754760742188e+01 9.297276496887207031e+00 5.189584732055664062e+00 -9.640788078308105469e+00
-3.222031354904174805e+00 -7.899472236633300781e+00 -1.059473037719726562e+01 8.476635932922363281e+00 -6.758938312530517578e+00 2.116150093078613281e+01 -1.544718980789184570e+00 -1.163922595977783203e+01 5.113568305969238281e+00 7.196214675903320312e+00
1.222558259963989258e+00 -5.299120903015136719e+00 -1.323583602905273438e+00 6.607174873352050781e+00 -3.979515552520751953e+00 8.611798286437988281e+00 -8.125435829162597656e+00 -4.447637081146240234e+00 -4.451685845851898193e-01 3.188665866851806641e+00
4.660770893096923828e+00 -5.810805320739746094e+00 1.757579612731933594e+01 -3.257407248020172119e-01 -9.749147295951843262e-01 -4.183275222778320312e+00 -7.396388530731201172e+00 8.714045882225036621e-01 -7.342612147331237793e-01 -4.599542617797851562e+00
-2.167336940765380859e-01 1.404533386230468750e+01 -1.935944557189941406e+00 -6.657181739807128906e+00 2.948783874511718750e+00 -4.443220138549804688e+00 -3.123972177505493164e+00 5.133164405822753906e+00 -3.366473615169525146e-01 2.665632665157318115e-01
-1.011850953102111816e+00 -6.780311584472656250e+00 2.937432765960693359e+00 -4.817347526550292969e+00 5.030940771102905273e-01 5.325999259948730469e+00 1.550931835174560547e+01 -6.532989978790283203e+00 2.018129110336303711e+00 -6.700943470001220703e+00
-4.713757991790771484e+00 9.062864780426025391e-01 8.141177892684936523e-01 -9.040186405181884766e-01 5.488320350646972656e+00 -6.561324119567871094e+00 -1.814377021789550781e+01 4.952164649963378906e+00 7.434061050415039062e+00 1.408316707611083984e+01
-1.480939865112304688e+00 -1.455017566680908203e+00 6.750487089157104492e-01 -1.921709299087524414e+00 -9.158116579055786133e-01 -2.947056293487548828e+00 -8.647158622741699219e+00 1.526802158355712891e+01 -1.948891997337341309e+00 2.031639099121093750e+00
1.819391250610351562e+00 -8.404411315917968750e+00 -3.287769794464111328e+00 1.786076307296752930e+00 -2.093471050262451172e+00 9.375353813171386719e+00 1.764586830139160156e+01 -1.112649726867675781e+01 5.650610923767089844e+00 -9.305075645446777344e+00
7.381169319152832031e+00 -4.150017261505126953e+00 -1.850273251533508301e+00 -9.900996208190917969e+00 1.785230755805969238e+00 1.116100847721099854e-01 1.829369926452636719e+01 -7.582466602325439453e+00 -4.774821758270263672e+00 1.808497667312622070e+00
-3.574975490570068359e+00 -2.360085487365722656e+00 -5.932153701782226562e+00 -1.048362636566162109e+01 1.875538253784179688e+01 -2.446964025497436523e+00 3.043097496032714844e+00 1.957885026931762695e+00 4.332905769348144531e+00 -4.157333672046661377e-01
1.621821212768554688e+01 -3.956906557083129883e+00 1.330950260162353516e+00 -5.813580989837646484e+00 -4.944036960601806641e+00 -3.751179218292236328e+00 3.353700160980224609e+00 3.750242233276367188e+00 -3.529679298400878906e+00 -1.777793288230895996e+00
-6.275847911834716797e+00 -1.467963099479675293e+00 -5.254431724548339844e+00 3.147840261459350586e+00 6.752833366394042969e+00 -2.482191562652587891e+00 -1.330826282501220703e+01 3.829952001571655273e+00 2.391613721847534180e+00 1.745010566711425781e+01
-3.213313102722167969e+00 1.504004096984863281e+01 2.382730245590209961e+00 -4.608828067779541016e+00 5.123481273651123047e+00 -5.675088882446289062e+00 -5.008169174194335938e+00 5.259856224060058594e+00 2.062677860260009766e+00 -7.460702210664749146e-02
-8.745300292968750000e+00 -2.384656429290771484e+00 -5.643048286437988281e+00 3.872549533843994141e+00 7.810544013977050781e+00 8.873624205589294434e-01 -1.227954769134521484e+01 1.268820643424987793e+00 2.164515018463134766e+00 1.518957614898681641e+01
4.535667598247528076e-01 8.815200805664062500e+00 1.418909168243408203e+01 1.850361704826354980e+00 -5.583620071411132812e+00 -8.387642860412597656e+00 -1.267224121093750000e+01 2.709010124206542969e+00 4.701728820800781250e+00 2.483826279640197754e-01
5.377526283264160156e-01 3.070294260978698730e-01 -5.351521968841552734e+00 5.044782638549804688e+00 -7.052841782569885254e-01 4.505282878875732422e+00 -1.068776226043701172e+01 5.885758876800537109e+00 -1.904259443283081055e+00 8.233990669250488281e+00
-2.429141521453857422e+00 3.641806840896606445e+00 2.808481216430664062e+01 6.732471466064453125e+00 -1.300945663452148438e+01 -7.638640880584716797e+00 -1.285431289672851562e+01 3.025902748107910156e+00 6.705862045288085938e+00 -1.053921413421630859e+01
-8.709226846694946289e-01 3.063737869262695312e+00 1.659781455993652344e+01 3.595675468444824219e+00 -6.759086132049560547e+00 -8.303072929382324219e+00 -1.430901336669921875e+01 8.159981727600097656e+00 3.825021505355834961e+00 -6.985062122344970703e+00
-2.198439359664916992e+00 -3.073641538619995117e+00 -6.598206043243408203e+00 -4.317098140716552734e+00 2.066045999526977539e+00 -2.630132734775543213e-01 -6.412187576293945312e+00 1.889729309082031250e+01 -3.615565538406372070e+00 5.636184811592102051e-01
1.098330307006835938e+01 -6.130990982055664062e+00 -4.319360554218292236e-01 -6.160010337829589844e+00 2.692020893096923828e+00 2.166934967041015625e+00 5.286062717437744141e+00 -5.338782310485839844e+00 -3.511419773101806641e+00 -1.714160323143005371e+00
-6.597165584564208984e+00 -3.928697824478149414e+00 -1.384996509552001953e+01 8.097445487976074219e+00 -7.227237224578857422e+00 2.398400306701660156e+01 2.447923660278320312e+00 -1.000920581817626953e+01 7.130681991577148438e+00 6.389282226562500000e+00
-9.369853734970092773e-01 4.386142730712890625e+00 2.102989959716796875e+01 8.659931182861328125e+00 -1.371091175079345703e+01 -7.773147583007812500e+00 -1.349526309967041016e+01 -3.802478313446044922e-01 8.260614395141601562e+00 -6.600994110107421875e+00
-7.942179679870605469e+00 -8.627835273742675781e+00 -8.216748237609863281e+00 1.451201677322387695e+00 6.506504535675048828e+00 -4.587387561798095703e+00 -8.825886726379394531e+00 4.212072849273681641e+00 1.326590919494628906e+01 1.545667552947998047e+01
-2.648936748504638672e+00 -5.053966522216796875e+00 6.948347091674804688e-01 4.427780151367187500e+00 -9.883475303649902344e+00 6.696302294731140137e-01 8.420392870903015137e-01 -4.106842994689941406e+00 1.870223999023437500e+01 1.091854810714721680e+00
7.317957282066345215e-01 -3.607642650604248047e+00 2.245624351501464844e+01 4.222984790802001953e+00 -6.966785430908203125e+00 -3.664805173873901367e+00 -1.339371204376220703e+01 8.035196304321289062e+00 4.601733088493347168e-01 -1.269701957702636719e+01
-6.350906372070312500e+00 -2.988671302795410156e+00 -4.090167522430419922e+00 3.425400495529174805e+00 5.313453197479248047e+00 -3.220324993133544922e+00 -1.189947128295898438e+01 2.744536638259887695e+00 3.466745615005493164e+00 1.700719642639160156e+01
-1.056251406669616699e+00 -2.328633785247802734e+00 1.065538167953491211e+00 -1.447831630706787109e+00 1.280275440216064453e+01 -3.666212797164916992e+00 3.179328203201293945e+00 -3.035723209381103516e+00 -2.465158224105834961e+00 -1.960442304611206055e+00
-2.948821306228637695e+00 1.760596084594726562e+01 -3.981878757476806641e-01 -9.710743904113769531e+00 6.989191055297851562e+00 -5.126091003417968750e+00 -3.016758680343627930e+00 6.434549808502197266e+00 2.854071378707885742e+00 1.562841653823852539e+00
1.176333189010620117e+00 -5.453247547149658203e+00 2.042589664459228516e+00 -1.003524208068847656e+01 1.067199802398681641e+01 -2.343902885913848877e-01 1.228295135498046875e+01 -6.873449802398681641e+00 -6.764145493507385254e-01 -3.267928361892700195e+00
-6.738722801208496094e+00 9.301466941833496094e+00 1.982740211486816406e+01 1.532395839691162109e+00 -5.954910755157470703e+00 -5.007966518402099609e+00 -4.961920738220214844e+00 1.218163847923278809e+00 4.289440155029296875e+00 -1.073810100555419922e+01
-7.544529914855957031e+00 -6.127193927764892578e+00 -5.504976749420166016e+00 2.406356334686279297e+00 5.821478366851806641e+00 2.975979328155517578e+00 -1.340773105621337891e+01 4.808496475219726562e+00 -1.127748608589172363e+00 1.617162513732910156e+01
-9.284293174743652344e+00 -4.903921604156494141e+00 -1.170783901214599609e+01 4.159619331359863281e+00 -7.821852207183837891e+00 2.405180931091308594e+01 3.792283535003662109e+00 -1.489236164093017578e+01 8.198607444763183594e+00 1.010494995117187500e+01
-5.927843570709228516e+00 -7.457041263580322266e+00 -3.786791324615478516e+00 1.448056340217590332e+00 -5.800414562225341797e+00 1.616912078857421875e+01 2.473792791366577148e+00 -4.071791172027587891e+00 4.515978813171386719e+00 3.783230483531951904e-01
1.709964752197265625e+01 -9.192073822021484375e+00 1.456098079681396484e+00 -5.166207313537597656e+00 -3.489410400390625000e+00 -3.953006267547607422e+00 3.614605426788330078e+00 -2.189474582672119141e+00 -2.017227888107299805e+00 3.991669416427612305e+00
-1.740550875663757324e+00 -5.801049470901489258e-01 2.090866661071777344e+01 4.162601470947265625e+00 -1.689750909805297852e+00 -4.349033355712890625e+00 -6.873024463653564453e+00 7.411599159240722656e-03 2.078630924224853516e+00 -1.174542427062988281e+01
-8.231031417846679688e+00 -5.571126937866210938e+00 6.416093111038208008e-01 1.544870853424072266e+00 -4.984116554260253906e+00 -2.490544557571411133e+00 -5.176651000976562500e+00 -3.242903351783752441e-01 2.267522239685058594e+01 2.606905460357666016e+00
-8.919061660766601562e+00 -1.150907135009765625e+01 -1.136654949188232422e+01 7.444268226623535156e+00 -1.262854576110839844e+01 2.620200157165527344e+01 6.486388444900512695e-01 -1.042892360687255859e+01 1.006345844268798828e+01 1.019435691833496094e+01
-1.073349666595458984e+01 -9.372537612915039062e+00 -1.145318126678466797e+01 1.285502719879150391e+01 -7.931987285614013672e+00 2.444874382019042969e+01 -1.437145948410034180e+00 -6.896258831024169922e+00 6.845455169677734375e+00 5.279589176177978516e+00
-7.852346420288085938e+00 -7.773715972900390625e+00 -5.958419799804687500e+00 4.802080631256103516e+00 5.641514778137207031e+00 -1.545832008123397827e-01 -1.505459403991699219e+01 4.022633075714111328e+00 4.649221897125244141e+00 2.214422416687011719e+01
-2.486496925354003906e+00 -9.532636642456054688e+00 -1.162491416931152344e+01 2.870195627212524414e+00 -7.582002162933349609e+00 2.082050514221191406e+01 3.469442129135131836e+00 -8.618316650390625000e+00 6.009370326995849609e+00 8.112337112426757812e+00
-3.006591081619262695e+00 -1.771862149238586426e+00 1.816884279251098633e+00 1.407623529434204102e+00 -8.185009956359863281e+00 -3.147068977355957031e+00 -4.127893447875976562e+00 -7.837412357330322266e-01 2.358391761779785156e+01 2.039916992187500000e+00
1.118367433547973633e+00 -3.575109243392944336e+00 1.767888641357421875e+01 5.175513267517089844e+00 -1.023471832275390625e+01 3.644940853118896484e-01 -5.641899585723876953e+00 2.176386117935180664e+00 3.044040679931640625e+00 -1.166457176208496094e+01
