-1.796514354646205902e-02
-4.180041700601577759e-02
6.453674286603927612e-02
3.369297832250595093e-02
8.012954890727996826e-02
2.292017824947834015e-02
-5.510624125599861145e-02
-2.646182291209697723e-02
3.744437545537948608e-02
2.343261800706386566e-02
-2.155776135623455048e-02
-1.121295988559722900e-02
-3.772029280662536621e-02
5.971683561801910400e-02
-1.603133417665958405e-02
8.540517091751098633e-02
1.130264252424240112e-02
-5.537650361657142639e-02
3.531143441796302795e-02
3.672142699360847473e-02
4.953806847333908081e-02
-5.228507146239280701e-02
-6.176761537790298462e-02
1.511592138558626175e-02
-7.042221841402351856e-05
4.623096808791160583e-02
-2.434300817549228668e-02
9.903341531753540039e-03
2.044788002967834473e-02
-2.460660226643085480e-02
2.251851372420787811e-02
4.709640890359878540e-02
-2.486719191074371338e-02
3.743051737546920776e-02
5.223873630166053772e-02
6.680568307638168335e-02
7.071927189826965332e-02
-2.976071834564208984e-02
5.560493096709251404e-02
1.392152160406112671e-02
-1.251483242958784103e-02
5.769353732466697693e-02
-7.889337837696075439e-03
-8.712916634976863861e-03
-5.146439746022224426e-02
-2.282916568219661713e-02
-5.254673957824707031e-02
-2.784857898950576782e-02
6.501698866486549377e-03
-2.213536575436592102e-02
3.807766363024711609e-02
6.259631365537643433e-02
5.545905791223049164e-03
7.008378207683563232e-02
-3.749141097068786621e-02
-9.395992383360862732e-03
-1.667143777012825012e-02
2.454266697168350220e-02
3.407387435436248779e-02
-1.236647553741931915e-02
-2.343966625630855560e-03
-3.833521902561187744e-02
-2.215417101979255676e-03
-1.639729831367731094e-03
1.875979453325271606e-02
3.415096923708915710e-02
-5.110811069607734680e-02
2.320283791050314903e-03
3.363316133618354797e-02
5.084105953574180603e-02
1.383841596543788910e-02
-2.581867016851902008e-02
8.167330920696258545e-02
4.229812696576118469e-02
2.474873885512351990e-02
6.121575459837913513e-02
1.365660107694566250e-03
5.405606329441070557e-02
6.453108787536621094e-02
-1.636191643774509430e-02
4.179805517196655273e-02
6.527171470224857330e-03
1.044561713933944702e-02
-5.769318714737892151e-02
5.333901848644018173e-03
-2.468638680875301361e-02
-8.461035788059234619e-03
5.665332451462745667e-02
4.723517224192619324e-02
3.229140862822532654e-02
-5.820954218506813049e-02
3.536172583699226379e-02
3.798004984855651855e-02
-2.723605372011661530e-03
9.873080998659133911e-03
1.179442089051008224e-02
-1.315596280619502068e-03
4.478168487548828125e-02
-4.744696617126464844e-02
2.794926241040229797e-02
