-2.925825417041778564e-01 -1.772321313619613647e-01 -1.498806178569793701e-01 2.621815204620361328e-01 4.571642279624938965e-01 -1.300442218780517578e-01 -2.837329506874084473e-01 3.563366830348968506e-03 2.791393697261810303e-01 4.959422349929809570e-01 -3.745889067649841309e-01 -6.623873114585876465e-02 1.061477437615394592e-01 4.665096104145050049e-01 2.017627507448196411e-01 -2.227758318185806274e-01
-1.725327968597412109e-01 2.744739055633544922e-01 1.906698495149612427e-01 3.102120161056518555e-01 -8.305665105581283569e-02 1.091986820101737976e-01 2.044094502925872803e-01 1.005974560976028442e-01 2.896177768707275391e-01 -1.348914355039596558e-01 1.358776241540908813e-01 2.622029185295104980e-01 -4.165008664131164551e-02 1.103376299142837524e-01 1.374576836824417114e-01 6.799026392400264740e-03
3.166643381118774414e-01 2.660219669342041016e-01 3.093873560428619385e-01 -1.021034345030784607e-01 3.262362480163574219e-01 2.117671966552734375e-01 4.164505302906036377e-01 1.561874598264694214e-01 3.359760940074920654e-01 5.739991068840026855e-01 1.822459250688552856e-01 2.834633290767669678e-01 -3.767580538988113403e-02 3.908041715621948242e-01 2.646473646163940430e-01 2.021161019802093506e-01
-1.437755674123764038e-01 -1.827823929488658905e-02 -2.628300786018371582e-01 1.023591905832290649e-01 1.163850799202919006e-01 5.039293691515922546e-02 -5.377127602696418762e-02 -1.631643772125244141e-01 5.206352099776268005e-02 6.265281140804290771e-02 9.482335299253463745e-02 -1.867401301860809326e-01 -4.738436639308929443e-02 1.535932272672653198e-01 2.621195912361145020e-01 -1.216996908187866211e-01
-2.974985837936401367e-01 9.571634978055953979e-02 4.096378386020660400e-01 4.913751482963562012e-01 -5.290998145937919617e-02 -1.675380319356918335e-01 9.150858223438262939e-02 4.835434854030609131e-01 5.054086446762084961e-01 4.222890436649322510e-01 -1.105383336544036865e-01 -1.681716889142990112e-01 -2.408016026020050049e-01 -3.435374423861503601e-02 1.177695672959089279e-02 2.883955240249633789e-01
1.605976969003677368e-01 -9.604008495807647705e-02 1.516732871532440186e-01 3.514794707298278809e-01 1.705643683671951294e-01 1.175717189908027649e-01 2.698512673377990723e-01 2.263921499252319336e-01 5.186843872070312500e-02 1.461551189422607422e-01 5.546395108103752136e-02 2.113878168165683746e-02 -2.358690835535526276e-02 6.692036986351013184e-02 1.289233118295669556e-01 -1.241884082555770874e-01
-2.649099193513393402e-02 8.963072299957275391e-02 -1.269996538758277893e-02 -6.049058958888053894e-02 1.798153668642044067e-01 -9.056947380304336548e-02 -2.507501281797885895e-02 -3.062470853328704834e-01 -2.266608029603958130e-01 1.792992465198040009e-02 8.091440051794052124e-02 -9.968271106481552124e-02 1.548946183174848557e-02 1.592598408460617065e-01 8.889003098011016846e-02 3.560352921485900879e-01
2.613686323165893555e-01 1.207899600267410278e-01 3.318139314651489258e-01 -2.878795191645622253e-02 1.557446122169494629e-01 4.213192164897918701e-01 4.432036578655242920e-01 7.243886590003967285e-02 9.945794194936752319e-02 -3.158587962388992310e-02 6.061753258109092712e-02 2.626131474971771240e-01 3.253261446952819824e-01 -1.714091151952743530e-01 -2.183698713779449463e-01 -2.312834858894348145e-01
-3.584094718098640442e-02 -8.863332122564315796e-02 -1.204332336783409119e-02 -7.761261612176895142e-02 1.603381335735321045e-01 1.223591268062591553e-01 2.308377325534820557e-01 9.343217313289642334e-02 3.156267702579498291e-01 4.094392955303192139e-01 3.628466725349426270e-01 1.922399848699569702e-01 1.205097585916519165e-01 3.546574711799621582e-01 1.977474689483642578e-01 2.372696101665496826e-01
-1.266425698995590210e-01 8.348359912633895874e-02 3.544722199440002441e-01 -2.104580029845237732e-02 1.791383475065231323e-01 2.292996272444725037e-02 -6.249520555138587952e-02 -1.969999372959136963e-01 -1.086326614022254944e-01 -2.176393121480941772e-01 -1.905657052993774414e-01 -9.817373752593994141e-02 3.522231057286262512e-02 -1.625279337167739868e-02 -2.148996889591217041e-01 -1.120774820446968079e-01
1.327392905950546265e-01 1.761814951896667480e-01 -1.548257917165756226e-01 -1.941498219966888428e-01 -4.077816754579544067e-02 6.620841473340988159e-02 1.336580961942672729e-01 6.480786949396133423e-02 -4.338316619396209717e-03 2.372584044933319092e-01 3.087514340877532959e-01 2.364434599876403809e-01 2.748840749263763428e-01 -2.151699736714363098e-02 2.289828509092330933e-01 2.203083224594593048e-02
-1.672252416610717773e-01 -4.522132501006126404e-02 3.210973441600799561e-01 -1.441985666751861572e-01 8.283118158578872681e-02 2.278735786676406860e-01 3.666283786296844482e-01 2.488918155431747437e-01 2.781560719013214111e-01 2.444714158773422241e-01 7.183603942394256592e-02 2.389419078826904297e-01 -1.664453931152820587e-02 2.735287547111511230e-01 -1.163392663002014160e-01 -3.875642642378807068e-02
2.214596606791019440e-02 1.121224015951156616e-01 -7.549317181110382080e-02 6.496819853782653809e-02 -2.365028113126754761e-01 1.095340102910995483e-01 8.651676774024963379e-02 -9.725308418273925781e-02 1.541327238082885742e-01 2.468265444040298462e-01 5.314990282058715820e-01 5.370464324951171875e-01 4.514608085155487061e-01 2.288361638784408569e-01 4.710490703582763672e-01 1.671960800886154175e-01
1.722152978181838989e-01 3.757766187191009521e-01 1.481426954269409180e-01 -7.408302277326583862e-02 -1.930234134197235107e-01 -1.643801778554916382e-01 -1.460060030221939087e-01 -2.039377391338348389e-01 -2.954488396644592285e-01 -4.892597794532775879e-01 -1.687999069690704346e-01 -1.967214345932006836e-01 -3.093960881233215332e-01 -3.830373883247375488e-01 -7.985704392194747925e-02 -3.663736879825592041e-01
-1.008179485797882080e-01 -4.963015764951705933e-02 1.511198282241821289e-01 3.626743331551551819e-03 -5.968234315514564514e-02 -7.331411540508270264e-02 -7.288946956396102905e-02 -1.778660565614700317e-01 4.735250025987625122e-02 -1.125374510884284973e-01 -8.460241369903087616e-03 1.591609269380569458e-01 -1.881941705942153931e-01 1.910319775342941284e-01 -1.367594003677368164e-01 -1.513272076845169067e-01
1.367865949869155884e-01 -1.979296803474426270e-01 -1.189671531319618225e-01 -4.850972816348075867e-02 -4.070536419749259949e-02 -1.276996433734893799e-01 -1.863101124763488770e-01 -3.330506011843681335e-02 -1.543577909469604492e-01 -2.630175091326236725e-03 -1.984959095716476440e-01 7.322635501623153687e-02 -2.122009098529815674e-01 -1.152328625321388245e-01 -1.759973764419555664e-01 -2.350000143051147461e-01
-5.773730203509330750e-02 -2.353779524564743042e-01 -2.898328304290771484e-01 -1.932772099971771240e-01 3.540036827325820923e-02 -2.204251736402511597e-01 3.218842670321464539e-02 9.099221974611282349e-02 7.068054378032684326e-02 -6.795263290405273438e-02 3.383797109127044678e-01 3.306546211242675781e-01 2.219166457653045654e-01 3.012005984783172607e-01 3.751858472824096680e-01 1.277264952659606934e-01
3.044018149375915527e-02 6.561422348022460938e-02 1.254217177629470825e-01 6.524638086557388306e-02 -1.338171660900115967e-01 1.386080980300903320e-01 9.017093479633331299e-02 -1.120960041880607605e-01 -1.721266359090805054e-01 -3.260128945112228394e-02 3.218260407447814941e-01 1.439582407474517822e-01 -1.100870296359062195e-01 2.457072883844375610e-01 3.600352108478546143e-01 5.685441568493843079e-02
6.484953314065933228e-02 -9.507712721824645996e-02 -6.646767258644104004e-03 2.468254417181015015e-01 1.644003838300704956e-01 5.312450602650642395e-02 -6.509470939636230469e-02 1.319264024496078491e-01 3.158282041549682617e-01 -7.419291883707046509e-02 4.620870947837829590e-02 -9.604159742593765259e-02 9.613208472728729248e-02 4.192071408033370972e-02 3.374252021312713623e-01 3.459070622920989990e-01
-3.081623837351799011e-02 -2.026691436767578125e-01 4.889878630638122559e-02 2.768807299435138702e-02 3.651946187019348145e-01 3.261013925075531006e-01 -1.578039228916168213e-01 1.036735251545906067e-01 -9.875336661934852600e-03 3.924707472324371338e-01 1.177494674921035767e-01 -2.269406467676162720e-01 -1.699345409870147705e-01 1.496949940919876099e-01 3.098145723342895508e-01 -7.758246362209320068e-02
-8.536651730537414551e-02 1.134313344955444336e-01 7.335854321718215942e-02 2.521493434906005859e-01 6.443461775779724121e-02 -5.503605678677558899e-02 3.141751289367675781e-01 -2.026849836111068726e-01 -2.442268580198287964e-01 1.081807613372802734e-01 2.718996107578277588e-01 1.347574740648269653e-01 -2.034985274076461792e-01 -1.132224947214126587e-01 -9.613177180290222168e-02 2.130855768918991089e-01
7.415341585874557495e-02 -2.533408105373382568e-01 -1.964837908744812012e-01 -1.425849795341491699e-01 2.227177917957305908e-01 1.351656019687652588e-01 8.082141727209091187e-02 3.317950293421745300e-02 -2.261321097612380981e-01 -9.836260229349136353e-02 2.593192756175994873e-01 -1.091445758938789368e-01 1.998325288295745850e-01 8.707042038440704346e-02 8.780626952648162842e-02 -6.969360262155532837e-02
-2.631222307682037354e-01 -1.832959353923797607e-01 -1.968577504158020020e-01 1.304819434881210327e-01 1.617683917284011841e-01 1.481838375329971313e-01 1.580800116062164307e-01 4.911715164780616760e-02 -1.393063813447952271e-01 2.686865329742431641e-01 9.655270725488662720e-02 2.224866300821304321e-01 7.206252217292785645e-02 -2.794723771512508392e-02 -1.606134474277496338e-01 1.353735476732254028e-02
-1.226130798459053040e-01 -7.180000096559524536e-02 -6.326443701982498169e-02 -4.636044055223464966e-02 -1.654796600341796875e-01 9.016126394271850586e-02 -1.312408000230789185e-01 2.350772768259048462e-01 -6.643819808959960938e-02 6.199968978762626648e-02 -2.003584243357181549e-02 -3.359948694705963135e-01 3.214060962200164795e-01 3.275616466999053955e-02 -8.667097240686416626e-02 -8.232532441616058350e-02
-3.263674676418304443e-01 2.612126767635345459e-01 4.551071524620056152e-01 3.811160624027252197e-01 1.322849541902542114e-01 1.333469003438949585e-01 2.619898319244384766e-01 4.794099926948547363e-01 6.556208729743957520e-01 2.297548353672027588e-01 2.042237371206283569e-01 -2.813691794872283936e-01 -1.650100946426391602e-01 2.746571302413940430e-01 3.611542284488677979e-01 3.891509175300598145e-01
