-3.664990514516830444e-02
-3.369637206196784973e-02
7.196465041488409042e-03
-4.202011507004499435e-03
5.275794863700866699e-02
1.115840598940849304e-01
5.060050636529922485e-02
7.349129766225814819e-02
-2.941116504371166229e-02
-2.987386845052242279e-02
-2.437070943415164948e-02
1.616635769605636597e-01
4.550185799598693848e-02
1.161948814988136292e-01
1.133747473359107971e-01
1.725925207138061523e-01
-3.782892972230911255e-02
8.144387602806091309e-02
-2.228450030088424683e-02
-4.001682251691818237e-02
1.768134906888008118e-02
-4.023716971278190613e-02
3.971416875720024109e-02
3.522142302244901657e-03
7.801277935504913330e-02
1.937589943408966064e-01
-4.335496574640274048e-02
-8.865126408636569977e-03
4.019697383046150208e-02
1.404344439506530762e-01
-3.396799787878990173e-02
1.130317971110343933e-01
-9.834718890488147736e-03
1.454234868288040161e-01
-1.088155992329120636e-02
-5.424376577138900757e-03
4.366193711757659912e-02
8.419778198003768921e-02
-1.839551888406276703e-02
-4.114337265491485596e-02
-2.243094332516193390e-02
1.107386220246553421e-02
2.116313949227333069e-02
2.488133311271667480e-02
-3.299847617745399475e-02
1.037406921386718750e-01
4.189429059624671936e-02
1.738778352737426758e-01
-5.783245339989662170e-02
1.795349866151809692e-01
-1.462566666305065155e-02
-5.567244812846183777e-02
1.453119814395904541e-01
1.065242290496826172e-02
1.187645345926284790e-01
7.532379776239395142e-02
1.081447675824165344e-01
-4.532622545957565308e-02
1.002994999289512634e-01
9.665488451719284058e-02
-2.148657292127609253e-02
-3.836303949356079102e-02
-1.841125264763832092e-02
1.050833165645599365e-01
4.618707671761512756e-02
3.276980016380548477e-03
-7.772435247898101807e-02
1.151929795742034912e-02
6.602249294519424438e-02
8.580718189477920532e-03
4.485531523823738098e-02
-6.274796277284622192e-02
-5.977228656411170959e-02
8.578811772167682648e-03
8.435732126235961914e-02
1.389781981706619263e-01
-6.759492680430412292e-03
-2.370981872081756592e-02
1.144399568438529968e-01
9.834145009517669678e-02
-3.471028804779052734e-02
-5.630213394761085510e-02
-4.226588085293769836e-02
-5.238564684987068176e-03
5.521875992417335510e-02
-6.817006319761276245e-02
-1.472880784422159195e-02
-5.492803454399108887e-02
1.040266156196594238e-01
-1.107389666140079498e-02
-6.351060234010219574e-03
9.044488891959190369e-03
1.113036274909973145e-01
9.502474963665008545e-02
6.219016015529632568e-02
-7.585906423628330231e-04
2.485946193337440491e-02
1.034759283065795898e-01
-2.800339087843894958e-02
2.069287560880184174e-02
6.719142198562622070e-02
3.055443242192268372e-02
5.622230097651481628e-02
7.698627561330795288e-02
1.972016394138336182e-01
4.480682313442230225e-02
-1.761908270418643951e-02
2.657836116850376129e-02
3.785585239529609680e-02
1.258872263133525848e-02
-3.799526020884513855e-02
-1.124387141317129135e-02
-7.881742715835571289e-02
1.145330220460891724e-01
-6.790843605995178223e-02
-2.032214961946010590e-02
-2.038148231804370880e-03
7.257473468780517578e-02
-1.857431977987289429e-02
4.146075993776321411e-02
1.167127639055252075e-01
-7.973729074001312256e-02
1.117836833000183105e-01
-1.088479813188314438e-02
3.366951597854495049e-03
-2.368412166833877563e-02
2.424480393528938293e-02
-4.002243280410766602e-03
