5.014307796955108643e-02
3.994308039546012878e-02
-3.676645085215568542e-02
1.419110447168350220e-01
2.306832671165466309e-01
1.085411384701728821e-02
1.139831691980361938e-01
7.455289363861083984e-02
-4.357107356190681458e-02
1.007944792509078979e-01
4.358865320682525635e-02
-3.069250471889972687e-02
7.529576867818832397e-02
5.086649954319000244e-02
-3.296666964888572693e-02
-2.031400427222251892e-02
-8.796497248113155365e-03
-5.712853278964757919e-03
9.563762694597244263e-02
1.531482022255659103e-02
1.488173454999923706e-01
-6.895714998245239258e-02
7.296327501535415649e-02
5.587549135088920593e-02
3.545717895030975342e-02
8.740308694541454315e-03
1.018539164215326309e-02
7.939827442169189453e-02
1.230864692479372025e-02
9.528684429824352264e-03
-6.233320012688636780e-02
-4.988089948892593384e-02
3.524627536535263062e-02
-2.174478024244308472e-02
6.410208344459533691e-02
-1.867855899035930634e-02
1.431062445044517517e-02
4.055780544877052307e-02
-4.581624269485473633e-02
-7.477491162717342377e-03
1.069997772574424744e-01
3.214097768068313599e-02
1.821643859148025513e-02
3.254526481032371521e-02
-1.506109256297349930e-03
4.956246539950370789e-02
1.660137809813022614e-02
2.610302902758121490e-02
7.082654163241386414e-03
-3.550272062420845032e-02
7.403374463319778442e-02
2.314487658441066742e-02
1.443269941955804825e-02
1.617192849516868591e-02
-3.991405013948678970e-03
-2.284114994108676910e-02
9.409618377685546875e-02
1.930368132889270782e-02
4.117666557431221008e-02
3.401146270334720612e-03
1.575769782066345215e-01
-1.345683168619871140e-02
-5.460938438773155212e-02
-1.577023044228553772e-02
1.012254208326339722e-01
-1.708338782191276550e-02
1.980367116630077362e-02
4.918904602527618408e-02
4.081920254975557327e-03
7.931912317872047424e-03
1.215416416525840759e-01
8.844651281833648682e-02
-3.115638345479965210e-02
-1.023536324501037598e-01
4.722990840673446655e-02
5.387466028332710266e-02
3.232738375663757324e-02
-1.755261211656033993e-03
1.201600879430770874e-01
-2.301834058016538620e-03
2.769039571285247803e-02
-2.428743243217468262e-02
6.992170214653015137e-02
-4.876436293125152588e-02
3.927341103553771973e-02
-1.461713388562202454e-02
2.281555533409118652e-02
1.089569833129644394e-02
-1.038056798279285431e-02
-1.852230168879032135e-02
-2.631685882806777954e-02
9.400889277458190918e-02
-1.187089830636978149e-02
9.349248558282852173e-02
-6.087835878133773804e-02
-4.026849195361137390e-02
-2.128186635673046112e-02
2.761248033493757248e-03
5.483001586981117725e-04
6.587161868810653687e-02
1.889080740511417389e-02
-1.953509449958801270e-02
1.151969376951456070e-02
-4.430843144655227661e-02
-5.419768858700990677e-03
2.927886135876178741e-02
-1.712566427886486053e-02
6.247676908969879150e-02
-5.366440489888191223e-02
3.421809151768684387e-02
-5.883356183767318726e-02
-3.380873426795005798e-02
-3.664612025022506714e-02
-8.631177246570587158e-02
8.454018272459506989e-03
4.902069270610809326e-02
-3.491683676838874817e-02
-1.331384945660829544e-02
-3.951289877295494080e-02
5.575242638587951660e-02
6.132244691252708435e-02
3.232711926102638245e-02
1.004592515528202057e-02
-7.214436680078506470e-02
7.934898138046264648e-02
7.313403487205505371e-02
8.951286971569061279e-02
8.354511111974716187e-03
