-1.299493201076984406e-02
-1.250329241156578064e-02
2.213476225733757019e-02
-2.523831790313124657e-03
2.131966128945350647e-02
-9.565043263137340546e-03
-2.289468050003051758e-02
-3.357198461890220642e-02
-3.509634640067815781e-03
-4.281878937035799026e-03
4.776250198483467102e-02
-3.625248000025749207e-02
-2.669079601764678955e-02
-7.048480957746505737e-02
1.747407019138336182e-02
2.929672598838806152e-02
-2.438139915466308594e-02
4.385064542293548584e-02
-3.166896104812622070e-02
3.028281778097152710e-02
4.152294620871543884e-02
-1.270351000130176544e-02
2.385664172470569611e-02
1.111774425953626633e-02
1.852905564010143280e-02
-1.606345176696777344e-02
1.831600069999694824e-02
-3.030503541231155396e-02
2.201207727193832397e-02
-1.179439388215541840e-02
-2.459316514432430267e-02
-4.404653236269950867e-02
-3.143616393208503723e-02
-2.958526834845542908e-02
5.204457323998212814e-03
-1.464304327964782715e-02
-4.620017483830451965e-02
2.683931402862071991e-02
-3.151303157210350037e-03
-1.611979305744171143e-02
-1.211563311517238617e-02
1.184459403157234192e-02
-5.306528508663177490e-02
9.212446399033069611e-03
-1.592131704092025757e-02
-3.444183990359306335e-02
3.088784404098987579e-02
-2.462037838995456696e-02
6.512987893074750900e-04
-7.166493684053421021e-02
