1.036041826009750366e-01
1.108494549989700317e-01
3.888585045933723450e-02
9.553989395499229431e-03
2.854863414540886879e-04
1.225830172188580036e-03
-2.400454506278038025e-02
-3.434406220912933350e-02
8.844989351928234100e-04
2.047028765082359314e-02
-9.398762136697769165e-02
1.729858070611953735e-01
-8.823493868112564087e-02
2.883971668779850006e-02
-3.361319005489349365e-02
-3.626648709177970886e-02
1.560295224189758301e-01
1.733720898628234863e-01
-8.918546885251998901e-02
1.663361787796020508e-01
