-2.745127491652965546e-02
3.373577818274497986e-02
7.735193707048892975e-03
-2.169110253453254700e-02
2.633645758032798767e-02
-2.863861154764890671e-03
2.619284205138683319e-02
2.644267864525318146e-02
-4.566292278468608856e-03
-2.131140418350696564e-02
2.234083972871303558e-02
-2.525704912841320038e-02
2.754653617739677429e-02
-2.967169508337974548e-02
-1.062446180731058121e-02
-7.022032979875802994e-03
1.652495004236698151e-02
1.069668866693973541e-02
-2.593682706356048584e-02
1.886055245995521545e-02
-2.013119310140609741e-02
9.776674211025238037e-03
-9.395775268785655499e-04
-2.591263875365257263e-02
6.141626741737127304e-03
2.982335910201072693e-02
2.940125018358230591e-02
1.563521102070808411e-02
2.875701896846294403e-02
1.675676181912422180e-02
2.828414924442768097e-02
-1.364323310554027557e-02
-1.037155184894800186e-02
-2.576887235045433044e-02
-3.247364656999707222e-03
2.491932362318038940e-02
-2.714617643505334854e-03
-1.463949587196111679e-02
8.850608021020889282e-03
1.374439150094985962e-02
-2.098089782521128654e-03
-1.834191195666790009e-02
9.849908528849482536e-04
8.280794718302786350e-04
3.058457188308238983e-02
-2.990478090941905975e-02
1.395945157855749130e-02
2.366865612566471100e-02
3.163531050086021423e-02
-4.898589570075273514e-03
2.340270578861236572e-02
1.624401891604065895e-03
-1.418111566454172134e-02
-7.541215512901544571e-03
-5.087195429950952530e-03
-2.271832339465618134e-02
-2.989062294363975525e-02
1.107157580554485321e-02
-1.613308675587177277e-02
2.868891879916191101e-02
-1.427409425377845764e-02
1.794487796723842621e-02
2.090412378311157227e-02
3.556564450263977051e-02
4.679846577346324921e-03
1.203794032335281372e-02
-1.842077635228633881e-02
-2.262316457927227020e-02
-2.609842829406261444e-02
-3.274253755807876587e-02
8.450160734355449677e-03
2.142200805246829987e-02
9.758656844496726990e-03
8.005910553038120270e-03
-2.216942980885505676e-02
-1.703053340315818787e-02
-3.611646965146064758e-02
2.894380316138267517e-02
2.275047451257705688e-02
3.086590208113193512e-02
1.089421752840280533e-02
-2.208614163100719452e-02
3.853457793593406677e-02
-9.727057069540023804e-03
-1.343678031116724014e-02
4.324929323047399521e-03
1.822458393871784210e-02
2.642997540533542633e-02
1.762146875262260437e-02
2.450052648782730103e-02
1.445411890745162964e-02
1.341303996741771698e-02
1.506935991346836090e-02
1.108797639608383179e-02
2.227328717708587646e-02
3.125032642856240273e-03
-1.002694480121135712e-02
3.231085836887359619e-02
2.261182991787791252e-03
-2.304123155772686005e-02
3.232669457793235779e-02
2.492637746036052704e-02
1.683013886213302612e-02
-2.458632737398147583e-02
2.306725829839706421e-03
-2.692275866866111755e-02
-8.289093151688575745e-03
2.778732404112815857e-02
2.994240820407867432e-02
2.114797011017799377e-03
3.921787813305854797e-02
-2.209341851994395256e-03
-2.594603598117828369e-02
3.593494743108749390e-02
3.507838025689125061e-02
1.574822701513767242e-02
-2.128837257623672485e-02
2.403251081705093384e-02
-2.214750647544860840e-02
9.827332571148872375e-03
-9.066482074558734894e-03
1.866698265075683594e-02
-2.176021970808506012e-02
5.782196763902902603e-03
1.162711996585130692e-02
-6.280734669417142868e-03
-1.834080740809440613e-02
-1.973468624055385590e-02
-1.712139323353767395e-02
4.330896958708763123e-02
-3.926030173897743225e-02
1.942859217524528503e-02
3.032761998474597931e-02
4.531980305910110474e-02
3.835077583789825439e-02
-1.966606359928846359e-03
2.709146775305271149e-02
-2.795877866446971893e-02
-1.012414880096912384e-02
1.263426057994365692e-02
5.793618503957986832e-03
3.048931714147329330e-03
2.928469330072402954e-02
2.303241193294525146e-02
-8.705032989382743835e-03
-2.649327181279659271e-02
-1.004133746027946472e-02
-2.343087270855903625e-02
-2.646947465837001801e-02
-8.755693212151527405e-03
-2.339418791234493256e-02
-3.121905960142612457e-02
-1.078162714838981628e-02
1.824084296822547913e-02
-5.074425600469112396e-03
2.242692373692989349e-02
1.833020150661468506e-02
3.384296968579292297e-02
2.427684701979160309e-02
-2.936325781047344208e-02
1.731045730412006378e-02
1.427389774471521378e-02
1.622795127332210541e-02
-5.762434098869562149e-03
-2.972222119569778442e-02
3.298620134592056274e-02
2.000688947737216949e-02
6.402825238183140755e-04
-2.625565975904464722e-02
-5.642341449856758118e-03
6.932487303856760263e-05
-1.174053084105253220e-02
-2.937307395040988922e-02
3.287797421216964722e-02
1.945607550442218781e-02
-2.188308397307991982e-03
-2.702504210174083710e-02
1.747382991015911102e-02
3.045864216983318329e-02
-2.219677716493606567e-02
2.779433131217956543e-02
-4.618009086698293686e-03
1.043643057346343994e-02
2.501853555440902710e-02
3.490393608808517456e-02
-2.577320486307144165e-02
2.077213115990161896e-02
-2.838572300970554352e-02
-1.277860626578330994e-02
-2.882788330316543579e-02
1.422689575701951981e-02
3.342079371213912964e-02
-3.010299243032932281e-02
2.457299642264842987e-02
1.082750130444765091e-02
3.351339697837829590e-02
2.842734567821025848e-02
-1.011777762323617935e-02
-2.752240747213363647e-02
5.367605015635490417e-03
-3.175397962331771851e-02
-1.235543750226497650e-02
-1.427867822349071503e-02
-3.054425492882728577e-02
3.522783890366554260e-02
-3.278199210762977600e-02
-2.653741091489791870e-02
-3.288215398788452148e-02
-1.989862881600856781e-02
1.977433264255523682e-02
-2.966010943055152893e-02
2.080785483121871948e-02
-8.039689622819423676e-03
-3.277655318379402161e-02
3.177439048886299133e-02
-1.582943601533770561e-03
2.216788753867149353e-02
3.840372338891029358e-02
-1.734259165823459625e-02
2.882951311767101288e-02
7.419633329845964909e-04
-3.505780547857284546e-02
-2.090986073017120361e-02
2.884957939386367798e-02
1.889115385711193085e-02
1.774917170405387878e-02
8.908681571483612061e-03
3.365737572312355042e-02
-2.393665350973606110e-02
-1.413693372160196304e-02
-2.999391779303550720e-02
-4.872358404099941254e-03
2.130076661705970764e-02
-5.246730055660009384e-03
-3.502209857106208801e-02
2.983443252742290497e-02
-1.356031000614166260e-02
-1.019115839153528214e-02
-9.361546486616134644e-03
1.110828574746847153e-02
1.581410691142082214e-02
-3.056984767317771912e-02
-4.654313437640666962e-03
-1.010430324822664261e-02
-7.548543158918619156e-03
-7.533311727456748486e-04
1.043044496327638626e-03
-1.398016698658466339e-02
5.048081744462251663e-03
1.172610092908143997e-02
-5.080675706267356873e-03
-8.517040871083736420e-03
8.497918024659156799e-04
1.329573278781026602e-04
-3.085398580878973007e-03
-3.924315329641103745e-03
-3.207369893789291382e-02
-1.973300054669380188e-02
2.452299557626247406e-02
2.452761121094226837e-02
3.151396661996841431e-02
2.866536565124988556e-02
7.896871306002140045e-03
-1.245251484215259552e-02
-1.423583715222775936e-03
-1.746817305684089661e-02
1.125135179609060287e-02
2.048813737928867340e-02
5.313471425324678421e-03
-1.072982884943485260e-02
-7.449103053659200668e-03
-1.114265411160886288e-03
3.335040435194969177e-02
2.438252046704292297e-02
3.107334859669208527e-02
2.472702786326408386e-02
-1.209642644971609116e-02
-2.042795531451702118e-02
5.070967134088277817e-03
2.900680154561996460e-02
-2.108170278370380402e-02
-1.692753098905086517e-02
1.484815031290054321e-02
5.442022345960140228e-03
1.155417598783969879e-02
8.340830914676189423e-03
-1.843208447098731995e-02
-1.090652029961347580e-02
4.690890636993572116e-05
-1.922925375401973724e-02
-2.672869153320789337e-02
7.314803078770637512e-03
-2.716690301895141602e-02
-1.196766272187232971e-02
-3.396420180797576904e-02
-3.900326555594801903e-03
5.910740233957767487e-03
-1.793058216571807861e-02
3.432023525238037109e-02
-5.322860088199377060e-03
3.251757938414812088e-03
2.526272274553775787e-02
2.794745887513272464e-05
-1.387642696499824524e-02
1.736780512146651745e-03
1.955414377152919769e-02
-4.841078538447618484e-03
-2.303073182702064514e-02
-1.881808042526245117e-02
-2.074265107512474060e-02
-1.313035096973180771e-02
3.144880756735801697e-03
3.352959081530570984e-02
1.653493731282651424e-03
-1.434405799955129623e-02
2.759017981588840485e-02
-3.297996707260608673e-03
-7.954888977110385895e-03
2.378273569047451019e-02
1.182050164788961411e-02
1.785423420369625092e-02
3.069199621677398682e-02
9.034072980284690857e-03
-2.358279749751091003e-02
5.840192083269357681e-03
2.170057734474539757e-03
2.217610599473118782e-03
-5.963491275906562805e-03
1.100052800029516220e-02
-3.567856736481189728e-03
-3.116361238062381744e-02
2.281573973596096039e-02
6.641513900831341743e-04
1.598046161234378815e-02
8.709126152098178864e-03
3.364723175764083862e-02
2.013337053358554840e-02
-8.744063787162303925e-03
2.437316067516803741e-02
-3.144731000065803528e-02
-1.898062974214553833e-02
1.140349730849266052e-02
-3.287366777658462524e-02
2.360179089009761810e-02
3.043139912188053131e-02
-2.715071104466915131e-02
4.012932069599628448e-03
2.781532146036624908e-02
3.672585263848304749e-02
-7.791844196617603302e-03
2.375944703817367554e-02
-1.246547512710094452e-02
-1.920053362846374512e-02
-2.595486864447593689e-02
-1.203134469687938690e-02
3.248610347509384155e-02
4.042700678110122681e-02
-1.210414618253707886e-02
-3.442688658833503723e-02
4.095383919775485992e-03
1.758592575788497925e-02
-1.540379785001277924e-02
2.432435139780864120e-04
-3.176797926425933838e-02
-3.645731601864099503e-03
3.380286321043968201e-02
1.285761129111051559e-02
-2.632667496800422668e-02
2.877994440495967865e-03
-3.155772015452384949e-02
-1.567827351391315460e-02
1.822066120803356171e-02
1.603796146810054779e-02
-6.683770334348082542e-04
2.092738449573516846e-02
-4.702793434262275696e-03
-1.684209890663623810e-02
1.241949759423732758e-02
-8.513470180332660675e-03
3.581195324659347534e-02
-2.279001846909523010e-02
3.301383554935455322e-02
-3.936005756258964539e-03
3.950355167035013437e-04
2.178648486733436584e-02
-3.728997893631458282e-03
-1.364913303405046463e-02
-2.004442736506462097e-02
-1.812856271862983704e-02
3.069258481264114380e-02
2.123730257153511047e-02
-8.657645434141159058e-03
-2.344307117164134979e-02
-2.910768426954746246e-02
-2.692732773721218109e-02
3.296833485364913940e-02
9.574496187269687653e-03
2.498842589557170868e-02
-3.294114023447036743e-03
-1.538580283522605896e-03
7.327785715460777283e-03
3.242797777056694031e-02
3.579448908567428589e-02
2.928943559527397156e-02
-2.144446782767772675e-02
-1.821336802095174789e-03
1.158167049288749695e-02
9.511147625744342804e-03
8.345106616616249084e-03
-3.817541291937232018e-03
1.509345229715108871e-02
-6.379179656505584717e-03
-7.081129122525453568e-03
3.375877812504768372e-02
-1.721235737204551697e-02
2.825547009706497192e-02
-7.196595892310142517e-03
3.262403979897499084e-02
-9.823697619140148163e-03
3.327537328004837036e-02
-3.039089590311050415e-02
-3.660190850496292114e-05
1.781708002090454102e-02
-3.264744952321052551e-02
6.268600001931190491e-03
-6.099732127040624619e-03
-2.958107180893421173e-02
2.608159743249416351e-02
2.367520332336425781e-02
1.229802239686250687e-02
-9.749555028975009918e-03
2.534538693726062775e-02
-3.251395374536514282e-02
-2.838066965341567993e-02
2.198705682530999184e-03
-2.428016811609268188e-02
-2.491300366818904877e-02
-2.580467611551284790e-02
1.058449968695640564e-02
-7.648481521755456924e-03
-4.110738169401884079e-03
-1.084923837333917618e-02
-1.837423071265220642e-02
-2.714641205966472626e-02
-2.679305896162986755e-02
8.420284837484359741e-03
1.127244532108306885e-02
-4.559898661682382226e-05
-1.060758903622627258e-02
3.083408996462821960e-02
-3.575027734041213989e-02
-1.137731410562992096e-02
-3.836013143882155418e-03
3.807137161493301392e-02
-6.532539613544940948e-03
2.706641145050525665e-02
-2.664705738425254822e-02
2.043072134256362915e-02
-1.665944047272205353e-02
-2.916546352207660675e-02
-3.388481913134455681e-03
3.055759519338607788e-02
-1.148849725723266602e-02
1.180695556104183197e-02
1.056559104472398758e-02
4.055248107761144638e-03
-2.863814495503902435e-02
1.764665823429822922e-03
-2.734055742621421814e-02
1.228770986199378967e-02
-1.750374212861061096e-02
1.716069504618644714e-02
-7.454957347363233566e-03
-2.323605492711067200e-02
7.176029961556196213e-03
3.459467738866806030e-02
6.639185361564159393e-03
-2.383155375719070435e-02
6.688949652016162872e-03
-3.650859743356704712e-02
1.308997627347707748e-02
1.609091833233833313e-02
1.703397743403911591e-02
3.474581614136695862e-02
-1.829064451158046722e-02
6.401230115443468094e-03
2.632522583007812500e-02
1.226720400154590607e-02
7.789185037836432457e-04
2.227421849966049194e-03
-2.778275683522224426e-02
-3.421049937605857849e-02
2.827174961566925049e-02
-1.638473197817802429e-02
1.061359141021966934e-02
2.021910808980464935e-02
3.232085704803466797e-02
-1.579270511865615845e-02
2.145994827151298523e-02
-3.444251371547579765e-03
