8.411114662885665894e-02 2.477154135704040527e-01 4.115791022777557373e-01 4.772346913814544678e-01 3.111302852630615234e-01 2.094877362251281738e-01 7.563363015651702881e-02 -5.385246127843856812e-02 3.269375562667846680e-01 6.691168248653411865e-02 -8.732116967439651489e-02 -1.014932896941900253e-02 -2.443276196718215942e-01 4.348064586520195007e-02 1.004693359136581421e-01 -2.473187744617462158e-01 -2.245749086141586304e-01 -2.486825585365295410e-01 -5.444427579641342163e-02 -5.691515654325485229e-02
-1.350703537464141846e-01 -8.609338104724884033e-02 -1.905722767114639282e-01 -1.039588898420333862e-01 7.168258726596832275e-02 1.954721063375473022e-01 2.470093518495559692e-01 -2.222795411944389343e-02 2.086822837591171265e-01 -1.339429020881652832e-01 1.115717589855194092e-01 1.844839453697204590e-01 9.014654159545898438e-02 2.161696404218673706e-01 1.759916394948959351e-01 -1.712917722761631012e-02 1.945944279432296753e-01 -7.648318260908126831e-02 -1.080472767353057861e-01 7.854823023080825806e-02
-2.264973223209381104e-01 -1.150256171822547913e-01 -8.297462761402130127e-02 2.599304616451263428e-01 2.003787159919738770e-01 3.263574466109275818e-02 1.401348263025283813e-01 1.869289018213748932e-02 -7.939586043357849121e-02 -3.737170621752738953e-02 -1.842656582593917847e-01 -2.355307191610336304e-01 1.295178830623626709e-01 1.503972858190536499e-01 3.278211653232574463e-01 -1.771050691604614258e-01 -1.369232684373855591e-01 1.863784193992614746e-01 1.557010561227798462e-01 1.451367288827896118e-01
-2.827090024948120117e-01 -2.482379600405693054e-02 2.383984923362731934e-01 4.135863482952117920e-01 2.316934019327163696e-01 6.689431611448526382e-03 3.107940852642059326e-01 3.443144559860229492e-01 3.298106491565704346e-01 -9.877432137727737427e-02 -4.945166036486625671e-02 1.886706054210662842e-01 1.943576186895370483e-01 8.285474032163619995e-02 -1.654746085405349731e-01 2.906447276473045349e-02 -2.735283225774765015e-02 -1.952999085187911987e-01 -6.380296498537063599e-02 2.027987688779830933e-01
1.165099889039993286e-01 -3.537385165691375732e-02 -6.724334508180618286e-02 1.871780902147293091e-01 -5.184253677725791931e-02 -8.387973904609680176e-02 -8.574228733777999878e-02 1.129819378256797791e-01 2.941769063472747803e-01 4.575251415371894836e-02 1.237302273511886597e-01 3.854311108589172363e-01 3.552482128143310547e-01 -1.282824128866195679e-01 -1.650118827819824219e-01 3.257312774658203125e-01 2.181771844625473022e-01 1.857521533966064453e-01 8.137664198875427246e-02 -4.448876157402992249e-02
-2.261673063039779663e-01 4.527293890714645386e-02 1.137331649661064148e-01 6.288925558328628540e-02 1.211974769830703735e-01 -1.342240124940872192e-01 -4.339556023478507996e-02 -6.862135976552963257e-02 -6.222406402230262756e-03 -9.985662251710891724e-02 2.809334360063076019e-02 7.019622623920440674e-02 -9.998179227113723755e-02 -1.156558394432067871e-01 -1.472442299127578735e-01 3.311943113803863525e-01 3.085891306400299072e-01 3.759949803352355957e-01 -8.939298242330551147e-02 -6.056426465511322021e-02
3.254446685314178467e-01 2.722358703613281250e-01 2.957471311092376709e-01 2.547786235809326172e-01 2.296941578388214111e-01 1.003366187214851379e-01 1.965641081333160400e-01 3.365588188171386719e-01 3.422095775604248047e-01 2.608287930488586426e-01 2.589246332645416260e-01 3.559103906154632568e-01 3.527808785438537598e-01 1.535765267908573151e-02 -2.062976062297821045e-01 4.708446860313415527e-01 2.030251771211624146e-01 -1.388075500726699829e-01 -2.337249815464019775e-01 -2.432890683412551880e-01
4.054036438465118408e-01 -8.029646426439285278e-02 -1.907558441162109375e-01 -2.020169347524642944e-01 -1.785430014133453369e-01 1.595720201730728149e-01 1.550848186016082764e-01 6.779999285936355591e-02 4.233148694038391113e-02 8.436682634055614471e-03 -1.997500509023666382e-01 -8.105702698230743408e-02 -1.836441457271575928e-01 8.074375987052917480e-02 1.314186751842498779e-01 2.398829348385334015e-02 -9.514960646629333496e-02 -6.817032396793365479e-02 1.034801006317138672e-01 7.249155640602111816e-02
-1.579179167747497559e-01 6.585963815450668335e-02 1.368302702903747559e-01 5.858238413929939270e-02 2.894955575466156006e-01 2.093001827597618103e-02 -5.448811221867799759e-03 9.589764475822448730e-02 2.770579159259796143e-01 4.105014801025390625e-01 -6.951563060283660889e-02 1.052681058645248413e-01 4.660494159907102585e-03 2.831713855266571045e-01 2.021573334932327271e-01 -2.683428861200809479e-02 9.450380504131317139e-02 -1.400105208158493042e-01 -1.781174093484878540e-01 1.252988427877426147e-01
-6.737994402647018433e-02 -9.659273177385330200e-02 -3.156288340687751770e-02 -1.382007729262113571e-02 -1.532613188028335571e-01 -3.081959113478660583e-02 6.016646325588226318e-02 -5.982345715165138245e-02 1.552325338125228882e-01 1.797418296337127686e-01 8.974548429250717163e-02 -1.413036137819290161e-01 -1.721356809139251709e-01 -7.388038933277130127e-02 -7.122191041707992554e-02 -7.809792459011077881e-02 -1.374136507511138916e-01 7.507033646106719971e-02 -4.644997790455818176e-02 -3.889440745115280151e-02
-2.188609912991523743e-02 -1.195002067834138870e-02 3.999900072813034058e-02 -2.914117872714996338e-01 -1.588588804006576538e-01 2.482054531574249268e-01 1.056948453187942505e-01 4.940707981586456299e-02 -2.758173346519470215e-01 -1.316834539175033569e-01 1.406706869602203369e-01 1.943240687251091003e-02 1.187589615583419800e-01 1.273546665906906128e-01 -1.435655169188976288e-02 1.005555912852287292e-01 3.488035798072814941e-01 3.853532671928405762e-01 3.512004017829895020e-01 1.653197705745697021e-01
-1.243411824107170105e-01 1.686213165521621704e-01 2.497824840247631073e-02 -4.855939000844955444e-02 1.699521541595458984e-01 1.133731529116630554e-01 -8.653132617473602295e-02 -2.675919830799102783e-01 -2.217718064785003662e-01 -1.466801464557647705e-01 9.921441972255706787e-02 -3.924368321895599365e-02 -2.569498121738433838e-01 9.179602563381195068e-02 1.377933025360107422e-01 1.523299962282180786e-01 7.813043892383575439e-02 2.038498073816299438e-01 9.257485717535018921e-02 5.128968507051467896e-02
7.584159821271896362e-02 3.557721972465515137e-01 1.725654900074005127e-01 5.757385492324829102e-02 1.803944706916809082e-01 2.020168453454971313e-01 -7.303150743246078491e-02 2.600614130496978760e-01 -2.021622657775878906e-02 1.154745183885097504e-02 8.577462285757064819e-02 5.942253023386001587e-02 -1.299464255571365356e-01 -1.089340299367904663e-01 1.928414553403854370e-01 -9.181915968656539917e-02 -8.267730474472045898e-02 -1.653380692005157471e-01 9.451884776353836060e-02 1.211080551147460938e-01
-1.734849214553833008e-01 1.507419198751449585e-01 2.120081633329391479e-01 8.413092046976089478e-02 1.982552260160446167e-01 -1.976852864027023315e-01 1.635676920413970947e-01 2.969665825366973877e-01 1.650235652923583984e-01 -1.497819274663925171e-01 -1.481107473373413086e-01 2.853419072926044464e-02 3.080102205276489258e-01 2.344428449869155884e-01 1.166991889476776123e-02 9.413332492113113403e-02 1.546145826578140259e-01 2.433161884546279907e-01 4.711057245731353760e-01 3.628307878971099854e-01
2.123187184333801270e-01 2.987805902957916260e-01 3.164850175380706787e-01 3.700581490993499756e-01 3.528038859367370605e-01 5.233596637845039368e-02 1.867361813783645630e-01 1.964272372424602509e-02 -1.429679244756698608e-01 -4.864916205406188965e-02 -1.536583155393600464e-01 -1.346898078918457031e-01 -2.824746370315551758e-01 -2.924617528915405273e-01 -1.632725000381469727e-01 -2.117762565612792969e-01 -2.200393676757812500e-01 -2.960717380046844482e-01 -7.966153323650360107e-02 9.754249826073646545e-03
-8.160695433616638184e-02 1.628461033105850220e-01 -9.991340339183807373e-02 1.699641644954681396e-01 9.450443834066390991e-02 1.669426262378692627e-02 1.314027756452560425e-01 2.044521272182464600e-01 4.532567039132118225e-02 -1.645341515541076660e-01 1.223088055849075317e-01 6.075806543231010437e-02 8.478232473134994507e-02 1.009587049484252930e-01 1.146340370178222656e-01 1.162424907088279724e-01 -1.033683791756629944e-01 3.368298709392547607e-02 -2.798132412135601044e-02 2.557331621646881104e-01
1.826833374798297882e-02 -9.254399687051773071e-02 5.316740646958351135e-02 2.156076133251190186e-01 -5.121790990233421326e-02 5.952911451458930969e-02 8.446041494607925415e-02 5.449065007269382477e-03 2.848932743072509766e-01 1.634908318519592285e-01 2.947434037923812866e-02 -1.340210139751434326e-01 -5.263366550207138062e-02 2.394351512193679810e-01 -2.584142796695232391e-02 -2.103684097528457642e-01 -2.107689827680587769e-01 1.020504906773567200e-01 2.036356925964355469e-01 -5.460991710424423218e-02
-7.115298416465520859e-03 7.768902182579040527e-02 -9.090145677328109741e-02 2.061981707811355591e-01 2.112451940774917603e-01 -1.851365715265274048e-01 -1.870089173316955566e-01 -3.669847548007965088e-02 -1.233179643750190735e-01 2.401577681303024292e-01 1.912541538476943970e-01 3.487911224365234375e-01 3.501173257827758789e-01 1.498016268014907837e-01 2.013256102800369263e-01 3.589342832565307617e-01 2.118564546108245850e-01 1.922067701816558838e-01 2.163143604993820190e-01 -2.833489514887332916e-02
1.417879015207290649e-01 4.558243155479431152e-01 3.343992531299591064e-01 -7.509540300816297531e-03 -8.447080850601196289e-02 2.228259146213531494e-01 9.648332372307777405e-03 6.478658318519592285e-02 2.137734889984130859e-01 3.853313997387886047e-02 -1.438382081687450409e-02 -5.556113645434379578e-02 1.566186398267745972e-01 1.022524107247591019e-02 -2.020572274923324585e-01 -1.195583343505859375e-01 1.512801051139831543e-01 -6.121829897165298462e-02 7.202474027872085571e-02 1.192043162882328033e-02
-2.460270673036575317e-01 1.909229606389999390e-01 1.626280248165130615e-01 2.811477482318878174e-01 -4.338358342647552490e-02 -1.626508235931396484e-01 -5.789663642644882202e-02 3.346589505672454834e-01 5.972703546285629272e-02 -1.655284017324447632e-01 -1.766409873962402344e-01 2.161794304847717285e-01 7.602192461490631104e-02 3.213775753974914551e-01 1.130711939185857773e-02 -1.142570897936820984e-01 1.883816272020339966e-01 2.590389847755432129e-01 2.471799999475479126e-01 -2.455217577517032623e-02
1.696020811796188354e-01 3.181545436382293701e-01 2.652906179428100586e-01 3.777077496051788330e-01 3.630100786685943604e-01 3.897627070546150208e-02 -3.828164935111999512e-02 -4.879739508032798767e-02 1.927984356880187988e-01 2.665575742721557617e-01 -1.732735484838485718e-01 -1.862661093473434448e-01 -3.094292581081390381e-01 -1.948780268430709839e-01 -1.474198698997497559e-01 -1.887341588735580444e-01 -1.993205994367599487e-01 -1.866304315626621246e-02 -1.575789898633956909e-01 -6.492029875516891479e-02
-6.123644858598709106e-02 1.047691106796264648e-01 -1.462266743183135986e-01 -2.029609382152557373e-01 -8.999650925397872925e-02 -1.750975996255874634e-01 -1.030733138322830200e-01 -6.503119319677352905e-02 2.070201635360717773e-01 4.131458699703216553e-02 6.341877393424510956e-03 -2.208457589149475098e-01 -2.280237227678298950e-01 -2.608612179756164551e-02 4.573463648557662964e-02 2.776326239109039307e-02 -1.978290677070617676e-01 -2.064253389835357666e-02 1.723869144916534424e-01 2.064842581748962402e-01
-2.308494448661804199e-01 -9.366720914840698242e-02 -1.356212049722671509e-01 4.665082320570945740e-02 2.462927252054214478e-01 -2.055290192365646362e-01 -1.237785667181015015e-01 1.784978620707988739e-02 2.698488831520080566e-01 4.764376580715179443e-02 1.768880635499954224e-01 -9.258629381656646729e-02 -1.857866495847702026e-01 -6.749898940324783325e-02 -1.260907799005508423e-01 2.953119874000549316e-01 2.929025590419769287e-01 8.717736601829528809e-02 -1.896413117647171021e-01 -1.672945357859134674e-02
-5.863515660166740417e-02 8.430585265159606934e-02 1.605001688003540039e-01 1.831989735364913940e-01 -8.547184616327285767e-02 2.374878376722335815e-01 1.177027150988578796e-01 -1.048067808151245117e-01 -1.715565323829650879e-01 1.466138940304517746e-02 1.111769601702690125e-01 -4.890662431716918945e-02 -1.393987890332937241e-02 8.458770066499710083e-02 -2.039118260145187378e-01 2.895193397998809814e-01 1.494987756013870239e-01 -1.902280151844024658e-01 -1.967930346727371216e-01 -1.249444037675857544e-01
1.384664028882980347e-01 -1.263197064399719238e-01 -4.852009937167167664e-03 -1.062960922718048096e-01 -5.916595458984375000e-02 2.663310766220092773e-01 -7.154298573732376099e-02 -1.655057072639465332e-01 -1.070358157157897949e-01 -1.338474601507186890e-01 1.218130961060523987e-01 -8.537772297859191895e-02 -1.134347990155220032e-01 -1.953092962503433228e-01 5.210673063993453979e-02 3.067247271537780762e-01 3.116536699235439301e-02 1.877371966838836670e-02 -1.074803024530410767e-01 -1.506445556879043579e-01
