-9.174963459372520447e-03
2.907994389533996582e-02
4.864457249641418457e-02
-2.654918655753135681e-02
2.370974421501159668e-02
6.513143889605998993e-04
2.869889140129089355e-02
-2.596975071355700493e-03
1.785324513912200928e-02
-9.508131071925163269e-03
2.833050489425659180e-02
3.421550500206649303e-04
8.201446384191513062e-03
6.446102168411016464e-03
-2.189471619203686714e-03
3.955887630581855774e-02
-7.869917899370193481e-03
5.801508668810129166e-03
-1.423383783549070358e-02
2.883900143206119537e-02
1.779692620038986206e-02
-1.939370669424533844e-02
-7.758024614304304123e-03
-8.351434022188186646e-03
1.468046382069587708e-02
2.705166302621364594e-02
-1.533504400867968798e-04
4.504979029297828674e-02
4.971539601683616638e-02
3.261826559901237488e-02
-2.320670522749423981e-02
-1.885562390089035034e-02
-1.209417637437582016e-02
-2.954966574907302856e-02
5.445083952508866787e-04
2.414859831333160400e-02
3.616852685809135437e-02
1.142773032188415527e-02
-2.061374299228191376e-02
-1.944359764456748962e-02
1.693676412105560303e-02
3.384973481297492981e-02
-2.004507184028625488e-02
-2.101007476449012756e-02
1.931038312613964081e-02
6.068654358386993408e-03
-4.176109097898006439e-03
-9.064117446541786194e-03
-2.874322421848773956e-02
5.872581154108047485e-02
2.264162525534629822e-02
-8.820235729217529297e-03
-1.872878707945346832e-02
9.098939481191337109e-04
3.158622980117797852e-02
-1.610575988888740540e-02
2.938693948090076447e-02
1.144637633115053177e-02
-2.405643090605735779e-02
-2.209760993719100952e-02
1.927516423165798187e-02
-3.148024552501738071e-05
-1.730889454483985901e-02
-2.723093144595623016e-02
2.649047039449214935e-02
-7.064342498779296875e-03
-9.339856915175914764e-03
1.193597726523876190e-02
-9.993961080908775330e-03
-4.428280517458915710e-03
-2.408165484666824341e-02
4.357718303799629211e-02
-6.264853756874799728e-03
-1.341758668422698975e-02
-1.709552016109228134e-03
2.492732740938663483e-02
2.553437836468219757e-02
-9.193534962832927704e-03
3.087397105991840363e-02
5.211237585172057152e-04
2.048446796834468842e-03
-2.228699158877134323e-03
1.073761843144893646e-02
2.645428851246833801e-02
3.367387875914573669e-02
4.149734601378440857e-02
4.014284349977970123e-03
3.981572389602661133e-02
-8.132125250995159149e-03
2.851927280426025391e-02
-8.159313350915908813e-03
3.545629978179931641e-02
2.422437816858291626e-02
4.239262081682682037e-03
2.809381484985351562e-02
3.436531173065304756e-03
-1.889875531196594238e-02
-8.189446089090779424e-05
-1.970420032739639282e-02
-1.770405657589435577e-02
