-8.427039146423339844e+00 -4.801314353942871094e+00 -2.819250345230102539e+00 -4.660398006439208984e+00 1.779662513732910156e+01 6.936135888099670410e-01 6.626285314559936523e-01 -1.845120429992675781e+00 -3.471246242523193359e+00 3.111093759536743164e+00
-6.572733819484710693e-02 -4.169242858886718750e+00 2.419712543487548828e+00 -4.778672754764556885e-01 -8.584550619125366211e-01 -1.342668086290359497e-01 1.283556365966796875e+01 -3.895076990127563477e+00 9.519812464714050293e-01 -4.467988014221191406e+00
-5.360681056976318359e+00 -1.164919734001159668e+00 -2.211125940084457397e-01 1.865307235717773438e+01 -1.521674060821533203e+01 6.835821151733398438e+00 -1.067884349822998047e+01 -1.319086432456970215e+00 4.620253562927246094e+00 2.550772190093994141e+00
-7.208601474761962891e+00 -9.494366049766540527e-01 -2.720550060272216797e+00 1.519294929504394531e+01 7.279193997383117676e-01 4.076513767242431641e+00 -6.697527408599853516e+00 1.828908443450927734e+00 -5.163562297821044922e+00 -3.844493150711059570e+00
-5.887810587882995605e-01 -9.227581024169921875e+00 3.026800632476806641e+00 -8.725435256958007812e+00 3.784886360168457031e+00 -5.668672084808349609e+00 1.902994537353515625e+01 9.768499135971069336e-01 -1.961885809898376465e+00 -4.910849034786224365e-01
-3.787971735000610352e+00 -1.144780921936035156e+01 -3.688881158828735352e+00 7.220837116241455078e+00 -9.322808265686035156e+00 1.518366146087646484e+01 -5.799931883811950684e-01 1.889026045799255371e+00 5.780868053436279297e+00 5.797351598739624023e-01
1.841206741333007812e+01 -9.663698196411132812e+00 6.567496299743652344e+00 -3.232877254486083984e+00 -4.711310386657714844e+00 -5.611537933349609375e+00 4.671296596527099609e+00 -7.669686317443847656e+00 -5.705279111862182617e-01 -2.173897504806518555e+00
-8.062170028686523438e+00 -1.081605052947998047e+01 -1.724138140678405762e+00 2.200911283493041992e+00 3.946374416351318359e+00 9.935737252235412598e-01 -4.744565010070800781e+00 -5.028463602066040039e-01 4.617881774902343750e+00 1.187095928192138672e+01
-2.725029468536376953e+00 1.579523086547851562e+00 5.532060623168945312e+00 1.190711116790771484e+01 -1.181888961791992188e+01 -2.652740716934204102e+00 -8.806039810180664062e+00 2.944915294647216797e+00 6.143985271453857422e+00 -6.217927485704421997e-02
9.926785230636596680e-01 -4.675838053226470947e-01 9.022230148315429688e+00 7.330574989318847656e-01 -6.522501945495605469e+00 -2.116546779870986938e-01 -1.515688896179199219e+00 -7.303074359893798828e+00 1.492909908294677734e+01 -5.532685279846191406e+00
2.235900640487670898e+00 -5.157258033752441406e+00 3.314378023147583008e+00 5.065255165100097656e-01 -4.197568416595458984e+00 1.628245115280151367e+00 -8.168452382087707520e-01 -6.152013778686523438e+00 1.825825500488281250e+01 -4.407433509826660156e+00
-1.096459102630615234e+01 1.228723049163818359e+01 -1.998077511787414551e+00 -1.001653313636779785e+00 1.364951610565185547e+00 -2.699250698089599609e+00 -3.507963418960571289e-01 1.149818658828735352e+00 2.862384796142578125e+00 -2.808160066604614258e+00
3.370320081710815430e+00 -1.569568276405334473e+00 7.219837188720703125e+00 4.609769821166992188e+00 -9.160107612609863281e+00 -4.509276866912841797e+00 -9.049927711486816406e+00 1.393602561950683594e+01 5.316007137298583984e-01 1.270310640335083008e+00
-2.520094871520996094e+00 -2.407171010971069336e+00 5.062222480773925781e+00 -3.621323108673095703e-01 1.400626945495605469e+01 8.381257653236389160e-01 -1.155714392662048340e+00 -5.136946201324462891e+00 -9.352202415466308594e+00 1.427761912345886230e+00
1.351252347230911255e-01 -7.775204181671142578e+00 9.626106262207031250e+00 8.147103309631347656e+00 -9.385385513305664062e+00 -1.243879413604736328e+01 -1.243002128601074219e+01 1.956072425842285156e+01 5.169372558593750000e+00 6.697723865509033203e+00
-3.696157932281494141e+00 1.460118889808654785e+00 -2.289680242538452148e+00 9.255662918090820312e+00 -4.105267047882080078e+00 9.756515026092529297e-01 -5.453833103179931641e+00 -1.908006548881530762e+00 3.846346139907836914e-01 1.954984307289123535e+00
-2.133126497268676758e+00 -3.841447114944458008e+00 4.891355991363525391e+00 8.721018791198730469e+00 -6.922498226165771484e+00 -2.744560956954956055e+00 -6.416713714599609375e+00 -3.312347412109375000e+00 1.287284755706787109e+01 8.455539941787719727e-01
-7.031738758087158203e+00 -6.612156629562377930e-01 -2.404513597488403320e+00 1.428650760650634766e+01 -1.981405377388000488e+00 3.311363935470581055e+00 -9.457999229431152344e+00 -3.063263893127441406e+00 9.954715371131896973e-01 1.328460693359375000e+00
-2.433032035827636719e+00 3.174710273742675781e-01 -2.706097364425659180e+00 8.957698941230773926e-01 3.905359029769897461e+00 -4.762119293212890625e+00 -8.258118629455566406e+00 7.579864501953125000e+00 2.286287546157836914e-01 5.741069793701171875e+00
1.986306953430175781e+01 -8.725378990173339844e+00 3.496148288249969482e-01 -5.897459983825683594e+00 -4.647075653076171875e+00 -2.648004531860351562e+00 3.960836410522460938e+00 4.700089454650878906e+00 -5.991837024688720703e+00 1.402628660202026367e+00
-5.558529853820800781e+00 -3.398193597793579102e+00 -6.615859985351562500e+00 8.471716940402984619e-02 3.964488744735717773e+00 -1.330289721488952637e+00 -1.046691131591796875e+01 4.834385871887207031e+00 1.922680020332336426e+00 1.311534690856933594e+01
-4.941828727722167969e+00 1.597853660583496094e+00 -7.028091907501220703e+00 -3.459011614322662354e-01 1.084920287132263184e+00 -9.873692989349365234e-01 -9.590688705444335938e+00 4.626513004302978516e+00 5.242705821990966797e+00 6.545639991760253906e+00
-3.013932228088378906e+00 -9.123548507690429688e+00 4.532460272312164307e-01 -2.822631597518920898e+00 -3.439174890518188477e+00 1.321778392791748047e+01 4.595640182495117188e+00 -4.361959934234619141e+00 8.711298942565917969e+00 5.173977464437484741e-03
3.052428007125854492e+00 -7.063590049743652344e+00 1.059286403656005859e+01 7.759311199188232422e+00 -1.300451850891113281e+01 -7.589931488037109375e+00 -1.527358150482177734e+01 1.503805541992187500e+01 8.092370033264160156e+00 4.124891281127929688e+00
-3.985885143280029297e+00 -5.335734367370605469e+00 -1.937474846839904785e+00 -2.789270639419555664e+00 1.463873767852783203e+01 -1.620522141456604004e+00 6.210427731275558472e-03 5.752637982368469238e-01 -4.396433830261230469e+00 3.511883974075317383e+00
-4.579254150390625000e+00 1.152861595153808594e+01 2.974305868148803711e+00 -3.352148056030273438e+00 8.417112827301025391e-01 -4.256730556488037109e+00 -1.724872469902038574e+00 2.741097211837768555e-01 1.525322914123535156e+00 -6.450509071350097656e+00
-4.911813259124755859e+00 1.225923252105712891e+01 -1.123875141143798828e+00 -1.711307287216186523e+00 1.518846988677978516e+00 -4.503257274627685547e+00 1.243113800883293152e-01 1.560319900512695312e+00 1.149885654449462891e+00 -6.570020198822021484e+00
-1.518491625785827637e+00 -5.287183284759521484e+00 -6.925733089447021484e+00 1.091055202484130859e+01 -1.108880424499511719e+01 1.996633529663085938e+01 -6.429556846618652344e+00 -9.270267486572265625e+00 -3.952315449714660645e-02 7.182331562042236328e+00
-3.749700307846069336e+00 -7.508386611938476562e+00 2.672843694686889648e+00 3.849062442779541016e+00 -7.705163478851318359e+00 -1.458520770072937012e+00 5.016788244247436523e-01 -4.129478931427001953e+00 1.494780921936035156e+01 2.730909824371337891e+00
-4.757875919342041016e+00 -3.129576683044433594e+00 -4.896172046661376953e+00 4.122363090515136719e+00 4.516295909881591797e+00 -3.851633310317993164e+00 -1.143100261688232422e+01 2.136121988296508789e+00 7.621258497238159180e-01 1.460705661773681641e+01
-2.263573646545410156e+00 -6.336598396301269531e+00 -5.898825645446777344e+00 7.297209262847900391e+00 -1.120513820648193359e+01 2.178307151794433594e+01 -4.343183994293212891e+00 -1.363743686676025391e+01 2.912245512008666992e+00 6.718356132507324219e+00
4.852487444877624512e-01 -1.767289280891418457e+00 1.092299842834472656e+01 4.955133914947509766e+00 -6.133259773254394531e+00 -2.408684015274047852e+00 -6.337984085083007812e+00 5.980020999908447266e+00 -1.222999453544616699e+00 -1.334098815917968750e+00
-6.690798282623291016e+00 -1.352732467651367188e+01 -4.886499881744384766e+00 -3.442324399948120117e+00 1.637339973449707031e+01 -1.179356098175048828e+00 -1.181180551648139954e-01 3.256422758102416992e+00 8.244059085845947266e-01 6.166117191314697266e+00
-3.202602386474609375e+00 -2.785343885421752930e+00 -3.854943752288818359e+00 1.468793964385986328e+01 -3.125242710113525391e+00 6.954950332641601562e+00 -5.358338356018066406e+00 -1.011269664764404297e+01 2.185224533081054688e+00 1.590783596038818359e-01
-1.997243165969848633e-01 4.652648866176605225e-01 1.866840934753417969e+01 8.897620201110839844e+00 -1.706147384643554688e+01 5.370892882347106934e-01 1.372993111610412598e+00 6.909349441528320312e+00 2.769540548324584961e+00 -9.445723533630371094e+00
7.685922622680664062e+00 -1.044887542724609375e+01 9.383114427328109741e-02 -5.972207784652709961e-01 -4.054674625396728516e+00 1.368313670158386230e+00 3.732412099838256836e+00 -6.043170452117919922e+00 9.701483726501464844e+00 -2.592033386230468750e+00
-6.639425754547119141e+00 -8.152016401290893555e-01 -6.103028297424316406e+00 -2.247076928615570068e-01 5.351028442382812500e+00 -2.899433851242065430e+00 -1.309161758422851562e+01 3.109862804412841797e+00 5.570439815521240234e+00 1.211580657958984375e+01
4.603155136108398438e+00 1.663764119148254395e-01 1.727967262268066406e+01 6.007870197296142578e+00 -8.427820205688476562e+00 -6.657485008239746094e+00 -1.054303073883056641e+01 9.571577072143554688e+00 7.205522656440734863e-01 -2.450806379318237305e+00
-6.407880306243896484e+00 -5.802318096160888672e+00 -2.715511322021484375e+00 3.867692708969116211e+00 3.382390499114990234e+00 -2.379832506179809570e+00 -8.340382575988769531e+00 6.848365783691406250e+00 2.105681419372558594e+00 1.026360702514648438e+01
1.611654663085937500e+01 -1.159063720703125000e+01 1.205919623374938965e+00 -4.031871795654296875e+00 -3.912738561630249023e+00 2.506709337234497070e+00 3.244451045989990234e+00 -1.736641883850097656e+00 2.463852912187576294e-01 -9.494935274124145508e-01
-4.297527790069580078e+00 -5.528544902801513672e+00 1.545407772064208984e+00 -3.839599847793579102e+00 4.711734771728515625e+00 1.625729560852050781e+00 1.821229219436645508e+00 -1.716087222099304199e+00 7.963204860687255859e+00 -2.696443557739257812e+00
-6.453247547149658203e+00 1.238721179962158203e+01 9.637194871902465820e-01 -3.033735513687133789e+00 1.444335132837295532e-01 -5.155372619628906250e+00 -3.978512287139892578e+00 3.179265022277832031e+00 2.019446372985839844e+00 -5.307566165924072266e+00
1.271008777618408203e+01 -5.923780441284179688e+00 -9.363749623298645020e-01 -7.095150947570800781e-01 -7.123964309692382812e+00 7.771304249763488770e-01 6.609329581260681152e-01 3.852409839630126953e+00 -4.709619522094726562e+00 4.007971763610839844e+00
-1.178449535369873047e+01 1.061601924896240234e+01 -2.288345098495483398e+00 -1.435915380716323853e-01 2.131625890731811523e+00 -4.164289951324462891e+00 -9.031541943550109863e-01 3.207732915878295898e+00 2.036459445953369141e+00 7.145282030105590820e-01
-3.684405326843261719e+00 -3.926234006881713867e+00 -9.702901840209960938e-01 1.304883193969726562e+01 -8.337482452392578125e+00 2.518867492675781250e+00 -1.175089931488037109e+01 -4.460964679718017578e+00 9.275005340576171875e+00 6.088539123535156250e+00
3.002458095550537109e+00 -6.071414947509765625e+00 6.777229905128479004e-01 5.007570385932922363e-01 1.435234904289245605e+00 2.279849052429199219e+00 1.585921192169189453e+01 -7.801292896270751953e+00 1.583724856376647949e+00 -1.106733608245849609e+01
-1.195013999938964844e+01 1.162604808807373047e+01 -2.461012125015258789e+00 -1.929841876029968262e+00 1.759975552558898926e+00 -4.465846061706542969e+00 -1.049154162406921387e+00 2.384101629257202148e+00 1.985947489738464355e+00 -1.719651371240615845e-01
1.560203552246093750e+01 -6.028923511505126953e+00 1.009416222572326660e+00 -2.190000116825103760e-01 -6.281201362609863281e+00 -6.159240007400512695e-01 2.605015754699707031e+00 5.944118499755859375e-01 -5.540467739105224609e+00 -2.916594028472900391e+00
-7.893225669860839844e+00 -2.386103153228759766e+00 5.899461746215820312e+00 1.295355892181396484e+01 -5.974853992462158203e+00 -2.865427255630493164e+00 -1.104757595062255859e+01 5.110178947448730469e+00 4.414545536041259766e+00 2.533807992935180664e+00
-1.038129687309265137e+00 -3.668716669082641602e+00 3.737747907638549805e+00 5.467450141906738281e+00 -6.299046993255615234e+00 2.744669914245605469e+00 -1.562914848327636719e+00 -7.765017509460449219e+00 1.379796981811523438e+01 -3.121250867843627930e+00
-1.136111736297607422e+01 1.135176944732666016e+01 -2.342252731323242188e+00 -1.448303341865539551e+00 8.055276870727539062e-01 -4.808966159820556641e+00 -9.198151826858520508e-01 2.633087158203125000e+00 2.032862663269042969e+00 -5.212572813034057617e-01
-6.215833187103271484e+00 -8.241653442382812500e+00 -1.590503454208374023e+00 7.029824256896972656e-01 1.075504398345947266e+01 -1.778079271316528320e+00 -2.327038764953613281e+00 1.040485858917236328e+00 1.111619472503662109e+00 4.840182781219482422e+00
-1.273717999458312988e+00 3.267141580581665039e+00 3.597981691360473633e+00 4.902325630187988281e+00 -7.612357139587402344e+00 -7.421496391296386719e+00 -1.167781829833984375e+01 1.142644882202148438e+01 -9.252382516860961914e-01 4.590683937072753906e+00
-7.025900363922119141e+00 1.034428119659423828e+01 -1.284900188446044922e+00 -2.376629352569580078e+00 -1.030915141105651855e+00 -2.114223957061767578e+00 5.920372009277343750e-01 1.335538148880004883e+00 2.415753364562988281e+00 -4.880128383636474609e+00
1.138368725776672363e+00 -8.930858612060546875e+00 7.682024240493774414e-01 -5.994034767150878906e+00 4.143151044845581055e-01 -1.166641354560852051e+00 2.133498382568359375e+01 1.992426961660385132e-01 -2.046119451522827148e+00 -2.967105627059936523e+00
9.503729343414306641e-01 -1.246168732643127441e+00 5.422160148620605469e+00 1.978532433509826660e+00 -4.469113826751708984e+00 -4.077450275421142578e+00 -2.714769840240478516e+00 -2.682075500488281250e+00 1.364371109008789062e+01 -1.238907098770141602e+00
-4.483325004577636719e+00 -1.151530742645263672e+01 -1.734245061874389648e+00 -1.063100695610046387e+00 1.662122344970703125e+01 -3.967900276184082031e+00 -1.824241757392883301e+00 3.951664686203002930e+00 -5.161698341369628906e+00 7.874499797821044922e+00
-5.582728862762451172e+00 -4.396013259887695312e+00 -1.599170923233032227e+00 6.314530372619628906e+00 -1.083697557449340820e+00 -2.109450101852416992e+00 -7.696279048919677734e+00 4.731056690216064453e+00 1.552061200141906738e+00 1.047374725341796875e+01
-5.142405509948730469e+00 -1.955012679100036621e+00 5.688548088073730469e-01 1.554325675964355469e+01 -1.016159296035766602e+00 1.435155749320983887e+00 -1.030213737487792969e+01 -9.642215728759765625e+00 5.794918537139892578e+00 1.024462938308715820e+00
-2.825869083404541016e+00 -8.145675063133239746e-01 5.590199470520019531e+00 4.158161163330078125e+00 -7.558823108673095703e+00 8.220288753509521484e-01 -1.345452499389648438e+01 1.279155540466308594e+01 2.190147042274475098e-01 6.896562576293945312e+00
-3.640054464340209961e+00 -1.219138336181640625e+01 -8.856574296951293945e-01 2.378154516220092773e+00 -1.079196572303771973e+00 3.307571411132812500e+00 -3.699393033981323242e+00 3.859462261199951172e+00 1.199616312980651855e+00 1.221328449249267578e+01
2.972187101840972900e-02 -3.644435644149780273e+00 1.462687134742736816e+00 3.817216634750366211e+00 -7.264709472656250000e+00 3.800831794738769531e+00 -1.096394920349121094e+01 1.300711917877197266e+01 -1.580043554306030273e+00 4.825649738311767578e+00
-7.732824802398681641e+00 1.009503078460693359e+01 -2.347374558448791504e-01 -1.333192229270935059e+00 -1.227378010749816895e+00 -3.890999078750610352e+00 -3.408108472824096680e+00 2.183035850524902344e+00 1.431082129478454590e+00 -1.914172291755676270e+00
-5.348374843597412109e+00 -3.091113567352294922e+00 -3.882413148880004883e+00 -1.546937108039855957e+00 5.883178234100341797e+00 -2.077531576156616211e+00 -4.074366569519042969e+00 1.548738837242126465e+00 1.379064321517944336e+00 8.255595207214355469e+00
-3.577071666717529297e+00 -6.292023181915283203e+00 -9.006742477416992188e+00 5.051967144012451172e+00 -3.083051681518554688e+00 1.428783893585205078e+01 -5.960200786590576172e+00 -1.421724319458007812e+00 2.082601308822631836e+00 6.662777900695800781e+00
-6.966181278228759766e+00 1.050236034393310547e+01 1.172018647193908691e+00 -1.693003296852111816e+00 -2.752301990985870361e-01 -5.542296886444091797e+00 -4.097121238708496094e+00 3.566228866577148438e+00 2.454393625259399414e+00 -3.755362510681152344e+00
-1.568500638008117676e+00 -8.981023788452148438e+00 1.868814468383789062e+00 -2.460539817810058594e+00 4.489844441413879395e-01 -1.957599043846130371e+00 1.457835483551025391e+01 -1.433223962783813477e+00 2.157407760620117188e+00 -1.819076299667358398e+00
-1.840606808662414551e+00 -1.410035419464111328e+01 1.646782159805297852e+00 3.098910748958587646e-01 8.901750564575195312e+00 -1.809259057044982910e-01 -3.591478347778320312e+00 -8.115790486335754395e-01 -1.717621922492980957e+00 1.291212081909179688e+01
7.068334102630615234e+00 -1.125187110900878906e+01 3.564067780971527100e-01 -3.448336362838745117e+00 2.241875886917114258e+00 -9.079406261444091797e-01 1.489735412597656250e+01 -1.019976043701171875e+01 5.317390441894531250e+00 -3.778898715972900391e+00
2.587212562561035156e+00 -1.926677894592285156e+01 -1.351524353027343750e+00 -6.514728069305419922e+00 1.333391571044921875e+01 -4.205564975738525391e+00 5.056328296661376953e+00 -2.828950881958007812e+00 4.758472442626953125e+00 2.515434503555297852e+00
3.652383685111999512e-01 -8.991312026977539062e+00 1.019345378875732422e+01 1.113228988647460938e+01 -9.797755241394042969e+00 -9.728413581848144531e+00 -1.355939579010009766e+01 2.122955894470214844e+01 8.110963702201843262e-01 5.537128448486328125e+00
-1.153895664215087891e+01 1.050747489929199219e+01 -3.499358654022216797e+00 -1.437456727027893066e+00 1.627929449081420898e+00 -3.582003355026245117e+00 5.752508342266082764e-02 3.351060867309570312e+00 2.064404726028442383e+00 -1.026261806488037109e+00
-3.686280012130737305e+00 8.823268413543701172e-01 -6.308040142059326172e+00 3.089220046997070312e+00 1.659878849983215332e+00 -4.882869720458984375e+00 -1.349857616424560547e+01 4.205481529235839844e+00 1.972085475921630859e+00 1.141146373748779297e+01
-6.038285255432128906e+00 -3.239995956420898438e+00 -7.200696945190429688e+00 -2.116071939468383789e+00 1.361743736267089844e+01 -8.632172346115112305e-01 -1.280629277229309082e+00 6.922920346260070801e-01 -1.949971556663513184e+00 5.968143463134765625e+00
2.898642301559448242e+00 -4.763233661651611328e+00 -3.029854893684387207e-01 1.545261144638061523e+00 -6.525142192840576172e+00 2.476247310638427734e+00 -7.817339897155761719e+00 1.198793029785156250e+01 -3.429166555404663086e+00 5.729597091674804688e+00
2.368101119995117188e+00 -1.580804109573364258e+00 3.941041827201843262e-01 -6.663394927978515625e+00 -3.977472782135009766e+00 2.507861614227294922e+00 -2.275175571441650391e+00 -2.485795021057128906e+00 1.170166969299316406e+01 5.935310125350952148e-01
1.114731311798095703e+00 -4.946201801300048828e+00 -1.150811538100242615e-01 -7.506745815277099609e+00 4.330354213714599609e+00 3.480752944946289062e+00 1.558293914794921875e+01 6.951844692230224609e-01 -1.641861915588378906e+00 -9.689227104187011719e+00
2.738343477249145508e+00 -6.453327536582946777e-01 5.200508117675781250e+00 6.922445297241210938e+00 -1.224390125274658203e+01 -2.265436887741088867e+00 -1.311565494537353516e+01 1.715997695922851562e+01 -1.261143803596496582e+00 3.393873214721679688e+00
4.211090564727783203e+00 -8.459508895874023438e+00 -2.731774747371673584e-01 -5.232850551605224609e+00 3.445885896682739258e+00 -5.882753372192382812e+00 1.136465263366699219e+01 4.502913475036621094e+00 -2.844686031341552734e+00 2.500782608985900879e-01
-8.674733161926269531e+00 -2.439819335937500000e+00 3.486289978027343750e+00 7.291447639465332031e+00 -4.637422561645507812e+00 -2.623530387878417969e+00 -1.661165595054626465e+00 -2.488753795623779297e+00 1.133205032348632812e+01 4.564847797155380249e-02
-5.524994373321533203e+00 -7.018366813659667969e+00 -2.420032501220703125e+00 2.121745347976684570e+00 1.000197887420654297e+01 -1.530822396278381348e+00 -4.839434623718261719e+00 -4.958846569061279297e-01 1.714027971029281616e-01 1.004751396179199219e+01
1.597189712524414062e+01 -6.013541221618652344e+00 8.106843948364257812e+00 -3.019852399826049805e+00 -4.916420459747314453e+00 -5.813259124755859375e+00 3.150020837783813477e+00 -4.672369956970214844e+00 -4.241512298583984375e+00 -1.140538156032562256e-01
-5.318443775177001953e-01 -2.304014205932617188e+00 1.955494999885559082e+00 -1.771741151809692383e+00 2.433362483978271484e+00 1.986006855964660645e+00 1.755464172363281250e+01 -2.810996770858764648e+00 -7.618442058563232422e+00 -4.565029144287109375e+00
-7.671360492706298828e+00 6.975067615509033203e+00 -5.320023894309997559e-01 -9.306426048278808594e-01 -1.422131061553955078e+00 -2.769647359848022461e+00 -2.204540252685546875e+00 3.103811502456665039e+00 1.908468604087829590e+00 1.381160318851470947e-01
3.110625147819519043e-01 -1.151313707232475281e-01 2.803402900695800781e+00 5.633152008056640625e+00 -8.290825843811035156e+00 -4.020874977111816406e+00 -9.972819328308105469e+00 9.739665031433105469e+00 -1.629503607749938965e+00 5.101628303527832031e+00
-7.198937892913818359e+00 8.418561935424804688e+00 -1.305361509323120117e+00 1.597857594490051270e+00 -7.845501303672790527e-01 -7.733446121215820312e+00 -2.342887878417968750e+00 2.831749677658081055e+00 4.321127414703369141e+00 -8.620129823684692383e-01
4.116891384124755859e+00 -3.395807027816772461e+00 -3.776919126510620117e+00 -8.738032341003417969e+00 1.663645029067993164e+00 -1.869958996772766113e+00 1.213975620269775391e+01 5.630262196063995361e-02 -1.822764158248901367e+00 3.449759483337402344e+00
-1.024615097045898438e+01 1.058230590820312500e+01 -3.850172996520996094e+00 -5.590556859970092773e-01 1.348330020904541016e+00 -3.933135747909545898e+00 -1.076704382896423340e+00 1.699035167694091797e+00 2.110130786895751953e+00 -9.238590002059936523e-01
-9.661674499511718750e-01 -4.192214012145996094e+00 1.332406163215637207e+00 -1.904023647308349609e+00 -3.495841503143310547e+00 2.486403703689575195e+00 1.391882133483886719e+01 -1.731897711753845215e+00 1.830862164497375488e+00 -7.139657497406005859e+00
-6.294032573699951172e+00 -9.197427749633789062e+00 -1.001104164123535156e+01 -3.148212432861328125e+00 1.390915107727050781e+01 -6.710253357887268066e-01 -3.636598825454711914e+00 1.942478656768798828e+00 3.252570152282714844e+00 7.426316261291503906e+00
3.359559535980224609e+00 -8.319461822509765625e+00 7.865940332412719727e-01 -7.445767402648925781e+00 1.773821949958801270e+00 -1.563169121742248535e+00 1.840399169921875000e+01 -1.219848394393920898e-01 -2.619909524917602539e+00 -3.117856264114379883e+00
5.245046615600585938e+00 -9.837612152099609375e+00 3.450523376464843750e+00 1.312896609306335449e+00 -7.803801536560058594e+00 5.620235204696655273e-01 -1.057342720031738281e+01 1.789011383056640625e+01 -9.346960783004760742e-01 5.774516582489013672e+00
1.469697713851928711e+00 -3.785008907318115234e+00 3.069524765014648438e+00 -3.091998100280761719e+00 7.772690773010253906e+00 -1.537661194801330566e+00 2.811918973922729492e+00 -3.145776748657226562e+00 -1.187209486961364746e+00 -3.842523336410522461e+00
-6.023363113403320312e+00 -7.026260375976562500e+00 -5.930861473083496094e+00 1.856442832946777344e+01 -8.167786598205566406e+00 1.183337974548339844e+01 -1.779117584228515625e+01 -2.860171794891357422e+00 5.777444839477539062e+00 7.513055324554443359e+00
2.454225301742553711e+00 -6.319082736968994141e+00 7.926021099090576172e+00 6.834505081176757812e+00 -1.091310977935791016e+01 -6.277153491973876953e+00 -1.435727691650390625e+01 1.841292190551757812e+01 2.535661697387695312e+00 6.666292667388916016e+00
4.814543128013610840e-01 -9.682523012161254883e-01 5.288446903228759766e+00 5.438089370727539062e+00 -8.009648323059082031e+00 -4.785576820373535156e+00 -1.243561649322509766e+01 1.484094238281250000e+01 7.240628600120544434e-01 7.437483787536621094e+00
-2.076705932617187500e+00 -7.998345375061035156e+00 -3.039028167724609375e+00 1.536386847496032715e+00 -1.390772819519042969e+01 2.296031951904296875e+01 7.210679054260253906e-01 -9.796183586120605469e+00 8.844867706298828125e+00 2.108064413070678711e+00
-7.954155445098876953e+00 8.365993499755859375e+00 -2.911554574966430664e+00 2.923274993896484375e+00 -4.826182723045349121e-01 -5.893704891204833984e+00 -4.581606984138488770e-01 -4.512701183557510376e-03 4.349873542785644531e+00 -1.752108931541442871e+00
2.703416585922241211e+00 -1.035799026489257812e+00 4.094882488250732422e+00 5.734198093414306641e+00 -9.957877159118652344e+00 -3.205881118774414062e+00 -1.322006034851074219e+01 1.638920021057128906e+01 -1.077081918716430664e+00 5.302830696105957031e+00
-3.371796131134033203e+00 -1.863833308219909668e+00 3.150029897689819336e+00 -4.446681976318359375e+00 1.066348910331726074e+00 1.964141011238098145e+00 1.319866466522216797e+01 2.085851505398750305e-02 -3.197695493698120117e+00 -4.733176708221435547e+00
-1.146543216705322266e+01 1.221875667572021484e+01 -2.135562181472778320e+00 8.790019154548645020e-02 8.481599688529968262e-01 -3.228098869323730469e+00 2.589022517204284668e-01 1.755092740058898926e+00 3.368576288223266602e+00 -2.593508958816528320e+00
1.228949356079101562e+01 -1.248556733131408691e+00 3.541007518768310547e+00 2.845823287963867188e+00 -1.557076168060302734e+01 7.305511951446533203e+00 3.648352324962615967e-01 3.185883760452270508e+00 -3.485022783279418945e+00 -5.126976966857910156e+00
-3.479181051254272461e+00 -9.762926101684570312e+00 -6.171038627624511719e+00 -3.064447641372680664e-01 5.015598297119140625e+00 -9.772227406501770020e-01 -1.192956447601318359e+01 5.548509120941162109e+00 2.343088388442993164e+00 1.522017765045166016e+01
-7.213673114776611328e+00 1.139107704162597656e+01 -5.391773581504821777e-01 -9.163892269134521484e-01 -8.044102787971496582e-01 -3.857807397842407227e+00 -1.290579676628112793e+00 1.506185412406921387e+00 2.353145837783813477e+00 -5.628108501434326172e+00
-3.383141517639160156e+00 -9.683053016662597656e+00 -9.668284654617309570e-01 2.273841857910156250e+00 3.106455564498901367e+00 -4.149284362792968750e+00 -6.749964714050292969e+00 2.959587335586547852e+00 3.373322963714599609e+00 1.369703578948974609e+01
3.836262464523315430e+00 -5.707059860229492188e+00 1.390526008605957031e+01 1.119568109512329102e+00 -2.322773039340972900e-01 -6.071246623992919922e+00 3.795538187026977539e+00 -5.061476230621337891e-01 -6.359484672546386719e+00 -3.890596866607666016e+00
-1.215546846389770508e+00 1.554929614067077637e+00 1.541050338745117188e+01 5.218691825866699219e+00 -4.603652954101562500e+00 -8.225302696228027344e+00 -3.851782083511352539e+00 2.598393917083740234e+00 -1.147123932838439941e+00 -2.296664237976074219e+00
-4.361195087432861328e+00 -8.093226432800292969e+00 1.256140470504760742e+00 -3.289391994476318359e+00 1.423259067535400391e+01 -4.696739196777343750e+00 8.104240298271179199e-01 1.749105453491210938e+00 -1.012014150619506836e+00 2.395664453506469727e+00
-2.901895046234130859e+00 3.960409879684448242e+00 1.455221176147460938e+00 1.566388130187988281e+00 9.947126358747482300e-02 -5.731714248657226562e+00 -2.321180820465087891e+00 3.334558963775634766e+00 -2.648375988006591797e+00 -1.843345165252685547e+00
-2.602383136749267578e+00 -2.442007780075073242e+00 1.889916992187500000e+01 5.673812866210937500e+00 -9.506453514099121094e+00 1.166186213493347168e+00 -2.057757377624511719e+00 8.865105628967285156e+00 -3.358276844024658203e+00 -5.552238464355468750e+00
-2.072697162628173828e+00 7.548361301422119141e+00 1.148766040802001953e+01 6.498853206634521484e+00 -1.088405799865722656e+01 5.917857885360717773e-01 6.454613208770751953e-01 -4.475643634796142578e+00 2.669901847839355469e+00 -1.035733985900878906e+01
-8.399700164794921875e+00 -9.205347061157226562e+00 -1.513646245002746582e+00 -2.752021312713623047e+00 1.881587862968444824e+00 6.250414848327636719e+00 1.199328994750976562e+01 -4.008839607238769531e+00 7.177605628967285156e+00 -1.890429496765136719e+00
2.630174160003662109e+00 -1.095732808113098145e+00 2.490195512771606445e+00 -2.412012100219726562e+00 -6.924147605895996094e+00 8.072012901306152344e+00 1.254296779632568359e+01 -9.556494712829589844e+00 2.687254667282104492e+00 -4.418055057525634766e+00
-8.249523043632507324e-01 -1.383003950119018555e+00 1.749396085739135742e+00 1.196477890014648438e+01 -7.053237438201904297e+00 4.677231788635253906e+00 -4.490182399749755859e+00 -4.881171226501464844e+00 9.527702927589416504e-01 -2.675535917282104492e+00
-4.687851428985595703e+00 -1.018464851379394531e+01 -4.634630680084228516e-01 3.856600284576416016e+00 -1.116800308227539062e+01 1.464877986907958984e+01 7.993420958518981934e-01 -1.650890707969665527e+00 9.147961616516113281e+00 7.512842416763305664e-01
-2.397995710372924805e+00 -7.310315608978271484e+00 1.054251861572265625e+01 4.163840293884277344e+00 3.596613168716430664e+00 -8.066155433654785156e+00 -1.299227237701416016e+00 6.005278110504150391e+00 -5.614885807037353516e+00 3.168699979782104492e+00
-2.118091285228729248e-01 -2.020965099334716797e+00 -5.819878101348876953e+00 3.217121362686157227e+00 -3.334276199340820312e+00 1.222564601898193359e+01 1.168269634246826172e+00 -5.105699062347412109e+00 -3.035110235214233398e+00 9.057712554931640625e-01
-4.531656265258789062e+00 -6.172825813293457031e+00 -2.689509630203247070e+00 3.690160512924194336e-01 1.047002124786376953e+01 -6.596769809722900391e+00 -1.873534917831420898e+00 6.488293647766113281e+00 -1.177449226379394531e+00 7.244023323059082031e+00
-3.190186977386474609e+00 1.575092077255249023e+00 -1.216433942317962646e-01 1.738350749015808105e+00 6.855817317962646484e+00 -3.446133136749267578e+00 -1.775952458381652832e+00 5.809741616249084473e-01 -2.408094406127929688e+00 9.030200242996215820e-01
-6.242208003997802734e+00 -1.363640880584716797e+01 4.696536540985107422e+00 4.545294761657714844e+00 -2.986629009246826172e+00 4.517354071140289307e-02 -6.638310909271240234e+00 3.794031143188476562e+00 1.632819557189941406e+01 1.259022355079650879e+00
-1.162130641937255859e+01 -1.866040587425231934e+00 3.704717159271240234e-01 1.668679618835449219e+01 -6.018282413482666016e+00 7.036581516265869141e+00 -6.225526332855224609e+00 -5.306859970092773438e+00 1.601081490516662598e+00 -1.266047239303588867e+00
-6.243447303771972656e+00 8.671287536621093750e+00 1.619541645050048828e+00 -1.697602629661560059e+00 4.307902157306671143e-01 -3.006153345108032227e+00 -3.800646066665649414e+00 2.746112346649169922e+00 9.395629763603210449e-01 -4.382805824279785156e+00
6.541865468025207520e-01 -2.386925220489501953e+00 1.665805220603942871e+00 -2.358047962188720703e-01 -1.934582829475402832e+00 -1.732137203216552734e+00 1.246097946166992188e+01 -1.105060482025146484e+01 7.139024734497070312e+00 -4.240674495697021484e+00
-2.661805391311645508e+00 -1.972401976585388184e+00 -3.728379011154174805e+00 2.288173675537109375e+00 -1.991466522216796875e+00 6.611933708190917969e+00 -1.347451210021972656e+00 -2.942428112030029297e+00 1.502437472343444824e+00 3.061865091323852539e+00
8.514760434627532959e-02 -3.375487804412841797e+00 7.373826503753662109e+00 6.948309421539306641e+00 -9.680657386779785156e+00 -7.426435947418212891e+00 -1.540103054046630859e+01 1.848151397705078125e+01 3.955439329147338867e+00 3.170149087905883789e+00
-5.680733203887939453e+00 -6.912839889526367188e+00 6.717379570007324219e+00 9.703704833984375000e+00 -7.837882995605468750e+00 1.941493153572082520e+00 -1.090275573730468750e+01 4.958218336105346680e-01 1.524510478973388672e+01 3.093735873699188232e-01
-1.015706634521484375e+01 -1.527350187301635742e+00 -1.723781228065490723e+00 -1.336226582527160645e+00 1.211029529571533203e+01 -1.750565767288208008e+00 -8.586372137069702148e-01 2.749901056289672852e+00 -3.468226194381713867e+00 1.049637079238891602e+00
-1.635708808898925781e+00 3.566662549972534180e+00 5.152485370635986328e+00 4.756250858306884766e+00 -8.044501304626464844e+00 -7.087527275085449219e+00 -8.308536529541015625e+00 9.633459091186523438e+00 -6.912731528282165527e-01 2.412966728210449219e+00
