-7.906624317169189453e+00 9.151451110839843750e+00 -3.472774922847747803e-01 1.048442125320434570e+00 4.883776307106018066e-01 -4.587165832519531250e+00 -1.545103907585144043e+00 1.710996270179748535e+00 1.191119194030761719e+00 -3.021368980407714844e-01
1.668364524841308594e+01 -1.423764038085937500e+01 4.851925373077392578e+00 -1.759227663278579712e-01 -4.705964565277099609e+00 -2.810052394866943359e+00 -1.358686685562133789e-01 -4.224763870239257812e+00 3.121049880981445312e+00 4.152580738067626953e+00
-2.507993221282958984e+00 -1.010420131683349609e+01 -4.577661514282226562e+00 3.218304634094238281e+00 3.206274747848510742e+00 9.755834341049194336e-01 -1.051930427551269531e+01 5.789363861083984375e+00 3.205870151519775391e+00 1.357521820068359375e+01
-2.583807468414306641e+00 -4.217033386230468750e+00 2.346767187118530273e+00 3.782831430435180664e+00 -1.514367103576660156e+00 8.467177152633666992e-01 -1.409300136566162109e+01 1.256401920318603516e+01 7.249324917793273926e-01 3.707343101501464844e+00
-5.572408676147460938e+00 9.148408889770507812e+00 -1.045450687408447266e+00 1.524060964584350586e+00 -3.505259037017822266e+00 -2.913066864013671875e+00 -1.531439900398254395e+00 5.875608921051025391e-01 3.286669015884399414e+00 -1.279807329177856445e+00
-2.870988607406616211e+00 -6.483984947204589844e+00 -2.296950578689575195e+00 9.180245995521545410e-01 5.457156181335449219e+00 -1.509866476058959961e+00 -1.035100269317626953e+01 3.297359704971313477e+00 3.586346149444580078e+00 1.047238349914550781e+01
-5.616940975189208984e+00 2.021854877471923828e+00 -3.320555925369262695e+00 -9.858183264732360840e-01 6.331701755523681641e+00 -2.401920080184936523e+00 -3.069705963134765625e+00 1.820311427116394043e+00 3.035942077636718750e+00 1.648192882537841797e+00
-5.116980552673339844e+00 -9.006375312805175781e+00 -3.338966369628906250e+00 6.857292652130126953e+00 2.654700040817260742e+00 -1.227677822113037109e+00 -1.635885238647460938e+01 5.120943069458007812e+00 6.799232482910156250e+00 1.434705543518066406e+01
3.921591520309448242e+00 1.273016631603240967e-01 -4.958879649639129639e-01 -1.903578400611877441e+00 -7.125517845153808594e+00 9.909920692443847656e+00 5.311098575592041016e+00 -8.697661399841308594e+00 3.114931821823120117e+00 -4.197321414947509766e+00
-4.245567917823791504e-01 -2.991410732269287109e+00 -1.443491220474243164e+00 3.167623281478881836e-01 -5.279822826385498047e+00 1.258315372467041016e+01 -4.124469280242919922e+00 -3.238091468811035156e-01 2.474236249923706055e+00 3.331404924392700195e-01
-3.442912101745605469e+00 1.276217103004455566e+00 2.980949580669403076e-01 -1.293135643005371094e+00 6.745473384857177734e+00 -6.623533725738525391e+00 3.781419515609741211e+00 -1.531475543975830078e+00 7.233181595802307129e-01 -3.509321212768554688e-01
-3.276522457599639893e-02 -5.417463779449462891e-01 -1.438851475715637207e+00 5.206575989723205566e-01 -2.749010562896728516e+00 9.455242156982421875e+00 6.737014651298522949e-01 -3.223891496658325195e+00 3.102545022964477539e+00 -5.345546245574951172e+00
-4.958408355712890625e+00 -5.941897869110107422e+00 -3.675510406494140625e+00 1.985344052314758301e+00 4.741496562957763672e+00 -8.780030608177185059e-01 -8.737033843994140625e+00 2.496825456619262695e+00 1.640205383300781250e+00 1.379656505584716797e+01
-1.433541059494018555e+00 -4.764904499053955078e+00 -4.930985271930694580e-01 6.947104334831237793e-01 -2.214640140533447266e+00 1.404533863067626953e+00 -8.997714996337890625e+00 1.135538959503173828e+01 -2.000242233276367188e+00 8.129081726074218750e+00
1.136913013458251953e+01 -4.882471084594726562e+00 3.789597034454345703e+00 -8.222339749336242676e-01 -1.017592906951904297e+01 3.294019222259521484e+00 4.253978729248046875e+00 -3.644845247268676758e+00 -3.287937939167022705e-01 -1.535425066947937012e+00
-7.504327297210693359e+00 -5.001165866851806641e+00 -8.411881923675537109e-01 2.632058382034301758e+00 1.117065715789794922e+01 -1.035710096359252930e+00 -5.186412811279296875e+00 -2.364038079977035522e-01 2.242847442626953125e+00 5.051409244537353516e+00
-5.766413211822509766e+00 -3.796809434890747070e+00 -1.253668069839477539e+00 -8.556614518165588379e-01 1.153730201721191406e+01 2.373814582824707031e-03 -1.742557883262634277e+00 2.701552152633666992e+00 -2.075929880142211914e+00 2.559014081954956055e+00
-3.659013032913208008e+00 -5.008800029754638672e-01 6.836747169494628906e+00 1.177566432952880859e+01 -1.104864501953125000e+01 4.764692306518554688e+00 -1.403841400146484375e+01 3.235492229461669922e+00 4.881941318511962891e+00 -8.619711399078369141e-01
2.789552688598632812e+00 -5.615282058715820312e+00 -1.352136880159378052e-01 -5.392674446105957031e+00 3.725947380065917969e+00 7.383204698562622070e-01 8.663178443908691406e+00 -1.275411605834960938e+00 -2.160580158233642578e+00 -6.389108896255493164e-01
-3.653019666671752930e+00 -2.432441234588623047e+00 2.265974283218383789e+00 7.267983555793762207e-01 -1.142067313194274902e+00 -9.116800427436828613e-01 -6.855702877044677734e+00 9.528141975402832031e+00 -3.698551058769226074e-01 3.363524198532104492e+00
-3.986868619918823242e+00 -2.713751077651977539e+00 -4.398958683013916016e+00 1.364854812622070312e+00 3.660596847534179688e+00 -1.099014043807983398e+00 -9.181269645690917969e+00 2.709932804107666016e+00 1.999838352203369141e+00 1.147059345245361328e+01
-5.259178280830383301e-01 7.035348415374755859e-01 -2.207897424697875977e+00 4.966735363006591797e+00 -8.956779479980468750e+00 9.886725425720214844e+00 -4.733692646026611328e+00 -3.398420333862304688e+00 2.596704006195068359e+00 1.738597989082336426e+00
-2.243295758962631226e-01 -1.353176951408386230e+00 -2.894880175590515137e-01 3.932964086532592773e+00 -3.519825458526611328e+00 2.645265340805053711e+00 -3.101968765258789062e+00 -9.137226104736328125e+00 1.218247699737548828e+01 -8.910506963729858398e-01
-1.972189664840698242e+00 1.212836384773254395e+00 1.108362078666687012e+00 1.032750988006591797e+01 -8.232290267944335938e+00 5.174479007720947266e+00 -5.163018703460693359e+00 -6.790626525878906250e+00 5.596835136413574219e+00 -5.587300658226013184e-01
1.912635040283203125e+01 -1.381154918670654297e+01 3.902490377426147461e+00 -3.219158411026000977e+00 -9.616823196411132812e+00 9.555204510688781738e-01 2.780854105949401855e-01 -8.741598129272460938e-01 1.056274056434631348e+00 5.091037750244140625e+00
-7.775331974029541016e+00 2.273350954055786133e+00 1.221936416625976562e+01 5.192241191864013672e+00 -4.010221958160400391e+00 -7.936942100524902344e+00 -1.993466973304748535e+00 4.946697235107421875e+00 -3.302667737007141113e-01 -3.730148792266845703e+00
2.166592597961425781e+00 4.622644782066345215e-01 2.656637430191040039e+00 6.197668075561523438e+00 -1.111881446838378906e+01 1.022579669952392578e+01 -2.336064100265502930e+00 -3.246606349945068359e+00 -4.143674969673156738e-01 -3.646613597869873047e+00
-4.342905044555664062e+00 -1.520195901393890381e-01 3.469805002212524414e+00 5.518541336059570312e+00 -5.051453590393066406e+00 -3.211218118667602539e+00 -1.382633495330810547e+01 1.337868213653564453e+01 1.612971901893615723e+00 3.048782587051391602e+00
-7.609719276428222656e+00 -5.151038646697998047e+00 -5.679769039154052734e+00 -1.427648901939392090e+00 1.533603000640869141e+01 2.009560108184814453e+00 -4.140146255493164062e+00 5.508256435394287109e+00 -3.671190738677978516e-01 3.333336114883422852e+00
1.946634054183959961e-01 -5.053145885467529297e-01 7.514605522155761719e-01 2.013770341873168945e+00 -5.359138011932373047e+00 -2.941136360168457031e-01 -2.679450988769531250e+00 -7.069070339202880859e+00 1.145079898834228516e+01 8.234788775444030762e-01
-5.574902534484863281e+00 9.001946449279785156e+00 1.361669301986694336e-01 1.875966042280197144e-01 -2.279593467712402344e+00 -3.224834680557250977e+00 -1.047086238861083984e+00 1.452356934547424316e+00 2.202309846878051758e+00 -1.959016919136047363e+00
-5.416360855102539062e+00 8.848136901855468750e+00 9.892780184745788574e-01 -2.438988387584686279e-01 -1.315018415451049805e+00 -3.036428451538085938e+00 -1.154466509819030762e+00 2.099885702133178711e+00 7.827027440071105957e-01 -2.435274362564086914e+00
-5.835260868072509766e+00 -3.205413579940795898e+00 -3.743088483810424805e+00 1.452107548713684082e+00 5.751195430755615234e+00 -2.576078414916992188e+00 -7.466235637664794922e+00 2.858839750289916992e+00 2.087741136550903320e+00 1.046861743927001953e+01
-1.383382678031921387e+00 -7.350713253021240234e+00 1.116227984428405762e+00 4.988447189331054688e+00 -4.424100875854492188e+00 4.058331966400146484e+00 -1.200010108947753906e+01 1.765296936035156250e+00 8.833651542663574219e+00 5.346470355987548828e+00
-8.775385618209838867e-01 -4.261515617370605469e+00 4.179141044616699219e+00 -2.682382822036743164e+00 8.694182634353637695e-01 4.297653198242187500e+00 1.031777954101562500e+01 -8.933889389038085938e+00 1.678887009620666504e+00 -4.136541366577148438e+00
6.941092014312744141e+00 -1.286041545867919922e+01 2.019743919372558594e+00 3.311517000198364258e+00 -4.555934906005859375e+00 3.373856067657470703e+00 -5.243722915649414062e+00 -4.614542007446289062e+00 4.826714515686035156e+00 8.681090354919433594e+00
1.057137203216552734e+01 -8.864753723144531250e+00 1.521533846855163574e+00 -2.593416690826416016e+00 -3.026200056076049805e+00 -1.558403372764587402e-01 4.286355078220367432e-01 3.533970713615417480e-01 -6.944457292556762695e-01 4.395401954650878906e+00
-4.117136001586914062e+00 6.261861324310302734e+00 -5.197460651397705078e-01 3.178648948669433594e-01 -4.229229688644409180e-02 -2.809930443763732910e-01 -2.974601507186889648e+00 2.223451137542724609e+00 8.966580629348754883e-01 -1.816585183143615723e+00
5.879659652709960938e-01 -5.407847404479980469e+00 -1.262256026268005371e+00 1.017981290817260742e+00 3.292009592056274414e+00 -1.593937575817108154e-01 -5.331505775451660156e+00 3.066843748092651367e+00 6.802496314048767090e-01 4.962038993835449219e+00
-5.023098468780517578e+00 8.850110054016113281e+00 1.634855628013610840e+00 9.801126122474670410e-01 -2.632133960723876953e+00 -6.193911075592041016e+00 -3.831198930740356445e+00 3.199854373931884766e+00 4.344269633293151855e-01 1.284080982208251953e+00
-4.491027832031250000e+00 -2.860184907913208008e+00 -1.163303613662719727e+00 2.250380516052246094e+00 1.176761031150817871e+00 -1.070506334304809570e+00 -7.842862606048583984e+00 5.123413085937500000e+00 1.787580966949462891e+00 7.451069355010986328e+00
-2.210114002227783203e+00 -9.032831192016601562e-01 2.585358381271362305e+00 6.209765911102294922e+00 -7.085239410400390625e+00 4.025048613548278809e-01 -1.102632331848144531e+01 1.173451519012451172e+01 -3.140403747558593750e+00 4.575824737548828125e+00
-4.947018146514892578e+00 -9.351948738098144531e+00 -2.277514696121215820e+00 3.969066381454467773e+00 3.243066787719726562e+00 -7.476175427436828613e-01 -1.251446056365966797e+01 4.126531600952148438e+00 5.769476890563964844e+00 1.325388336181640625e+01
1.210145592689514160e+00 -6.631345272064208984e+00 3.070987701416015625e+00 -5.399972438812255859e+00 2.266701221466064453e+00 -5.407675504684448242e-01 1.465021800994873047e+01 -5.032924652099609375e+00 5.897929668426513672e-01 -4.026422500610351562e+00
-9.912829399108886719e-01 -3.735408782958984375e+00 5.081153392791748047e+00 5.939179420471191406e+00 -4.986183166503906250e+00 1.034510135650634766e+00 -1.409693431854248047e+01 1.388253879547119141e+01 -1.027136325836181641e+00 9.710754156112670898e-01
2.299975872039794922e+00 -5.630570411682128906e+00 3.312564373016357422e+00 -5.152761936187744141e+00 3.407207131385803223e-01 2.323897361755371094e+00 1.357224273681640625e+01 -4.691989421844482422e+00 1.637831807136535645e+00 -7.663259983062744141e+00
-4.583930969238281250e+00 6.357889652252197266e+00 1.023214530944824219e+01 3.465113162994384766e+00 -6.069871425628662109e+00 -1.355791330337524414e+00 6.051416993141174316e-01 -3.569009542465209961e+00 4.232930660247802734e+00 -9.657732009887695312e+00
1.169746017456054688e+01 -8.113828659057617188e+00 2.661872386932373047e+00 -3.055448770523071289e+00 -4.292189121246337891e+00 -8.943946957588195801e-01 4.687867164611816406e+00 -3.186054229736328125e+00 -1.332935988903045654e-01 1.904056191444396973e+00
-1.776417255401611328e+00 -5.848052501678466797e-01 4.155577182769775391e+00 1.173406696319580078e+01 -4.178656578063964844e+00 1.213170528411865234e+00 -7.273280620574951172e+00 -4.952242374420166016e+00 3.794818401336669922e+00 -1.295768976211547852e+00
-7.692763805389404297e+00 3.464491128921508789e+00 -4.364603519439697266e+00 1.105656623840332031e+00 2.909816741943359375e+00 -1.252893686294555664e+00 -5.479332447052001953e+00 9.231127500534057617e-01 2.203428506851196289e+00 7.313338756561279297e+00
-3.037989139556884766e+00 9.208621978759765625e-01 1.924152612686157227e+00 4.081269741058349609e+00 -3.903870105743408203e+00 -1.272172927856445312e+00 -1.152198600769042969e+01 1.171441364288330078e+01 -1.530918836593627930e+00 3.321364641189575195e+00
-1.723909974098205566e+00 -1.005182504653930664e+00 2.263598889112472534e-02 6.227805614471435547e-01 -6.364024877548217773e-01 1.073203086853027344e+00 -7.008146286010742188e+00 9.373777389526367188e+00 -3.123199224472045898e+00 3.497116565704345703e+00
3.244026184082031250e+00 -5.311111927032470703e+00 -4.855086207389831543e-01 -3.229595422744750977e+00 4.511357307434082031e+00 -1.196605920791625977e+00 4.099134445190429688e+00 1.287979722023010254e+00 -1.563070416450500488e+00 -6.768144667148590088e-02
-4.164278030395507812e+00 -9.074662923812866211e-01 -4.617668151855468750e+00 4.349932074546813965e-01 4.091501235961914062e+00 -1.757360219955444336e+00 -7.181495666503906250e+00 4.413015365600585938e+00 -5.757895112037658691e-02 9.891059875488281250e+00
-6.098758697509765625e+00 -4.400187969207763672e+00 -3.147879838943481445e+00 3.934645414352416992e+00 3.121609687805175781e+00 -6.807467937469482422e-01 -1.174724960327148438e+01 3.466160774230957031e+00 3.467525959014892578e+00 1.221067142486572266e+01
6.258547306060791016e-01 -5.465112209320068359e+00 2.436872959136962891e+00 8.096506118774414062e+00 -7.347410678863525391e+00 2.235367000102996826e-01 -1.079489421844482422e+01 -3.812204122543334961e+00 1.272327232360839844e+01 3.984568119049072266e+00
-2.634983539581298828e+00 -3.266349315643310547e+00 -3.327095746994018555e+00 1.478786021471023560e-01 5.241151332855224609e+00 -3.083537220954895020e-01 -5.927215099334716797e+00 2.642040491104125977e+00 -8.519195318222045898e-01 8.645468711853027344e+00
-1.266657114028930664e-01 -2.718560695648193359e+00 -4.682026386260986328e+00 -1.966789007186889648e+00 -2.566274404525756836e+00 9.582621574401855469e+00 -2.822148323059082031e+00 -5.959132194519042969e+00 1.117993068695068359e+01 3.959823250770568848e-01
-8.383773565292358398e-01 -2.559273004531860352e+00 2.055265903472900391e+00 -3.513222932815551758e+00 1.434866070747375488e+00 -7.393670678138732910e-01 1.065144252777099609e+01 -2.973530530929565430e+00 7.865908145904541016e-01 -4.769783496856689453e+00
5.979608297348022461e-01 -1.740796566009521484e-01 1.268966674804687500e+00 1.122659111022949219e+01 -7.719483852386474609e+00 2.115226507186889648e+00 -6.222311973571777344e+00 -4.224648475646972656e+00 4.260589599609375000e+00 4.363371133804321289e-01
-9.230748176574707031e+00 8.297568559646606445e-01 -1.752272009849548340e+00 3.205681085586547852e+00 -2.459585189819335938e+00 1.657217597961425781e+01 -6.439920425415039062e+00 -4.309916973114013672e+00 7.249399662017822266e+00 -3.214048385620117188e+00
-6.380936145782470703e+00 9.689336776733398438e+00 1.370354056358337402e+00 1.008921116590499878e-01 2.198041528463363647e-01 -5.120820045471191406e+00 -2.034926414489746094e+00 3.156030178070068359e+00 5.349653959274291992e-01 -2.457784652709960938e+00
-5.956693649291992188e+00 1.002235698699951172e+01 1.193320989608764648e+00 -3.795625269412994385e-01 -6.731005012989044189e-02 -4.372793674468994141e+00 -1.295586466789245605e+00 2.000235319137573242e+00 4.943561553955078125e-01 -2.634998083114624023e+00
2.091306686401367188e+00 -5.039615154266357422e+00 -4.832349777221679688e+00 1.748716711997985840e+00 -8.965847492218017578e-01 3.793293237686157227e-01 -5.214842319488525391e+00 -4.362715244293212891e+00 9.158171653747558594e+00 7.614801406860351562e+00
-1.188663125038146973e+00 -3.365440070629119873e-01 4.685649394989013672e+00 -7.438364624977111816e-01 1.987821161746978760e-01 4.677614569664001465e-02 1.028509044647216797e+01 -6.961717128753662109e+00 1.088002562522888184e+00 -6.754718780517578125e+00
-1.782770276069641113e+00 -8.046979904174804688e+00 -2.477027177810668945e+00 -5.403864860534667969e+00 1.370170116424560547e+01 -5.349683761596679688e-02 -1.327620446681976318e-01 2.393969774246215820e+00 -1.194257736206054688e+00 4.442324638366699219e+00
-2.887477397918701172e+00 -1.682579755783081055e+00 1.019113302230834961e+00 -3.332289934158325195e+00 -4.574273228645324707e-01 2.732557058334350586e-01 8.888063430786132812e+00 -6.701537609100341797e+00 5.782214641571044922e+00 -2.066762685775756836e+00
-5.464536547660827637e-01 -1.772904515266418457e+00 -9.711966663599014282e-02 2.718166112899780273e+00 -7.082549095153808594e+00 9.891143798828125000e+00 -6.391310214996337891e+00 -1.230351179838180542e-01 3.518101215362548828e+00 3.152601122856140137e-01
-1.941232442855834961e+00 -1.808980464935302734e+00 1.373426198959350586e+00 1.207859611511230469e+01 -2.794836759567260742e+00 1.008711457252502441e+00 -7.003859996795654297e+00 -1.366716861724853516e+00 1.000299096107482910e+00 8.343943357467651367e-01
-1.107930660247802734e+00 -6.495543003082275391e+00 -1.928742080926895142e-01 4.500185966491699219e+00 -1.270363330841064453e+00 3.510276556015014648e+00 -1.677526092529296875e+01 1.454852581024169922e+01 1.066430956125259399e-01 6.025995254516601562e+00
-3.211392641067504883e+00 1.379524230957031250e+00 2.761971056461334229e-01 4.364691257476806641e+00 -6.611927986145019531e+00 1.034775972366333008e+00 -5.249745368957519531e+00 -2.550905466079711914e+00 9.483890533447265625e+00 2.932924032211303711e-01
-4.480905055999755859e+00 -1.685277819633483887e+00 1.400901079177856445e+00 1.373786067962646484e+01 -1.714347124099731445e+00 2.796997785568237305e+00 -1.206213569641113281e+01 -3.453658103942871094e+00 5.479443550109863281e+00 1.803409814834594727e+00
4.402432143688201904e-01 -1.842266678810119629e+00 -1.002494096755981445e+00 3.516934394836425781e+00 -7.209626197814941406e+00 1.100944137573242188e+01 -4.827174663543701172e+00 -1.106346607208251953e+00 2.712011575698852539e+00 2.553379535675048828e-02
1.452382445335388184e+00 -4.998002052307128906e+00 4.513136386871337891e+00 -2.854645729064941406e+00 4.086074829101562500e+00 2.566947698593139648e+00 1.072557926177978516e+01 -2.292936801910400391e+00 -5.944062232971191406e+00 -5.637469768524169922e+00
-4.155774116516113281e+00 -1.301670432090759277e+00 -1.352082252502441406e+00 3.501648306846618652e-01 3.081081151962280273e+00 6.633845567703247070e-01 -8.077983856201171875e+00 1.065625286102294922e+01 -2.118392705917358398e+00 3.584126710891723633e+00
-1.708289623260498047e+00 -8.550971031188964844e+00 5.272670835256576538e-02 -3.130919694900512695e+00 1.354416656494140625e+01 -8.226221203804016113e-01 7.805687189102172852e-01 -1.025907278060913086e+00 -1.008841753005981445e+00 3.948191165924072266e+00
6.045817136764526367e-01 2.897389888763427734e+00 7.386973381042480469e+00 6.076569557189941406e+00 -1.185982036590576172e+01 2.634602069854736328e+00 -1.514809131622314453e+00 -2.873261690139770508e+00 1.130872964859008789e+00 -4.719817638397216797e+00
-1.963813424110412598e+00 -6.799968242645263672e+00 -1.771089076995849609e+00 -4.971558570861816406e+00 1.453859519958496094e+01 -3.460434198379516602e+00 3.575985670089721680e+00 2.548751592636108398e+00 -3.820062279701232910e-01 4.641108512878417969e-01
-3.872024774551391602e+00 2.780209064483642578e+00 -3.434477567672729492e+00 3.688547372817993164e+00 -8.584159851074218750e+00 1.105504608154296875e+01 -4.651735723018646240e-01 -5.724336147308349609e+00 3.422878026962280273e+00 2.884337902069091797e-01
-8.395031690597534180e-01 -7.156246662139892578e+00 1.734641909599304199e+00 3.978012800216674805e-01 -3.404032707214355469e+00 3.291149854660034180e+00 -6.603765010833740234e+00 -5.470256328582763672e+00 1.631554031372070312e+01 8.074291348457336426e-01
-6.757112503051757812e+00 -4.219204902648925781e+00 -2.938088655471801758e+00 3.908979177474975586e+00 -2.277161628007888794e-01 3.579076290130615234e+00 -7.320467948913574219e+00 1.411153316497802734e+00 2.936997652053833008e+00 9.797340393066406250e+00
4.461139142513275146e-01 -1.345404744148254395e+00 -4.152554273605346680e-01 -2.230382204055786133e+00 -9.755188226699829102e-01 2.774039268493652344e+00 9.517014503479003906e+00 -7.260957241058349609e+00 2.376375198364257812e+00 -2.961689710617065430e+00
-7.011824607849121094e+00 9.279642105102539062e+00 -1.271849393844604492e+00 2.014767646789550781e+00 -1.615046858787536621e+00 -2.034278631210327148e+00 -1.813279509544372559e+00 9.544315338134765625e-01 2.215756624937057495e-01 1.865145415067672729e-01
-4.886256217956542969e+00 -5.370117664337158203e+00 -3.868423938751220703e+00 -1.570507168769836426e+00 1.024291038513183594e+01 3.324465751647949219e-01 -4.141880989074707031e+00 1.971645593643188477e+00 1.489723801612854004e+00 6.632328510284423828e+00
-2.353319644927978516e+00 -2.981066465377807617e+00 1.586540508270263672e+01 5.292711257934570312e+00 -8.920217752456665039e-01 -3.346275091171264648e+00 -1.956875443458557129e+00 2.832195758819580078e-01 -6.769844889640808105e-01 -8.128899574279785156e+00
-5.055227279663085938e+00 -6.110389709472656250e+00 -6.423321366310119629e-01 4.865345001220703125e+00 5.245993733406066895e-01 -1.088399887084960938e+00 -1.250095462799072266e+01 3.323079586029052734e+00 5.220455646514892578e+00 1.139713954925537109e+01
1.090968894958496094e+01 -6.883985996246337891e+00 1.965579867362976074e+00 -3.236231088638305664e+00 -5.640832424163818359e+00 2.217324018478393555e+00 4.249030113220214844e+00 -4.313513278961181641e+00 1.162978410720825195e+00 6.309929490089416504e-01
7.150418758392333984e-01 -5.934397697448730469e+00 -2.086360901594161987e-01 -1.371372222900390625e+00 9.962401390075683594e+00 -8.931555151939392090e-01 -2.731302022933959961e+00 2.705624580383300781e+00 -3.085546255111694336e+00 3.104167699813842773e+00
9.393491744995117188e+00 -9.176795959472656250e+00 2.289650678634643555e+00 -1.941400408744812012e+00 -8.094676733016967773e-01 4.780492186546325684e-01 9.145628213882446289e-01 -2.249761581420898438e+00 1.249497056007385254e+00 1.507522225379943848e+00
-5.019128799438476562e+00 -4.390029430389404297e+00 -4.184752941131591797e+00 2.934474229812622070e+00 4.186220645904541016e+00 -2.391377925872802734e+00 -1.063653373718261719e+01 1.682321548461914062e+00 5.466979026794433594e+00 1.193061637878417969e+01
-1.128779649734497070e+00 -7.283551692962646484e-01 2.868299245834350586e+00 1.357677841186523438e+01 -1.084789657592773438e+01 2.297569513320922852e+00 -7.126790523529052734e+00 -5.909015178680419922e+00 5.557610988616943359e+00 1.396333336830139160e+00
-7.063973426818847656e+00 -3.414340496063232422e+00 -3.604089975357055664e+00 -2.140123248100280762e-01 1.269512557983398438e+01 -2.252368927001953125e-01 -5.537166595458984375e+00 3.019225120544433594e+00 3.701117634773254395e-01 5.099680423736572266e+00
-3.615829944610595703e+00 -6.262736320495605469e+00 -1.869557619094848633e+00 2.886773824691772461e+00 4.148707389831542969e+00 -3.106292009353637695e+00 -1.208529758453369141e+01 2.718468666076660156e+00 4.972547531127929688e+00 1.180298042297363281e+01
-1.655457139015197754e+00 8.322809934616088867e-01 -1.972350239753723145e+00 -7.996700406074523926e-01 -1.438435077667236328e+00 7.481843948364257812e+00 -1.362778663635253906e+00 -6.580657958984375000e-01 2.067767858505249023e+00 -2.018360853195190430e+00
-2.452948093414306641e+00 -6.516434669494628906e+00 -1.602163195610046387e+00 1.616284251213073730e+00 2.903539657592773438e+00 -2.092482566833496094e+00 -8.082582473754882812e+00 2.383846282958984375e+00 3.186844587326049805e+00 1.103916358947753906e+01
1.111102962493896484e+01 -8.231966018676757812e+00 1.394013285636901855e+00 -4.316808223724365234e+00 -4.083093166351318359e+00 1.721898078918457031e+00 4.635693550109863281e+00 -4.672006607055664062e+00 2.685524225234985352e+00 1.075492739677429199e+00
-1.289295792579650879e+00 -1.213529968261718750e+01 -4.013632297515869141e+00 2.892071247100830078e+00 2.890753746032714844e+00 1.869653701782226562e+00 -1.124147987365722656e+01 6.499806880950927734e+00 3.824728488922119141e+00 1.319782543182373047e+01
-6.986504793167114258e-01 -1.528267621994018555e+00 1.631115525960922241e-01 1.260036277770996094e+01 -7.035754203796386719e+00 3.825153589248657227e+00 -5.820290565490722656e+00 -7.688930034637451172e+00 7.257496356964111328e+00 1.201349943876266479e-01
-2.397500276565551758e+00 -2.680423736572265625e+00 4.200774431228637695e-01 5.568296432495117188e+00 -3.578091621398925781e+00 2.178966701030731201e-01 -6.863150119781494141e+00 -5.763034820556640625e+00 1.260521888732910156e+01 1.913190960884094238e+00
-1.680723905563354492e+00 6.101817607879638672e+00 1.256739139556884766e+01 7.776890754699707031e+00 -1.342873573303222656e+01 -5.062359809875488281e+00 -3.242604017257690430e+00 -1.786187291145324707e+00 7.357564449310302734e+00 -9.240323066711425781e+00
-3.732567310333251953e+00 -4.549421310424804688e+00 -1.507387399673461914e+00 -2.672510862350463867e+00 1.303066730499267578e+01 -1.985017061233520508e+00 -9.055010080337524414e-01 1.872064232826232910e+00 -1.842673420906066895e+00 3.552170515060424805e+00
-4.137847423553466797e+00 -2.699370086193084717e-01 2.630162000656127930e+00 5.638066768646240234e+00 -5.501840114593505859e+00 -1.585203409194946289e+00 -1.197741985321044922e+01 1.152030944824218750e+01 -7.406530976295471191e-01 5.227479934692382812e+00
-6.325431346893310547e+00 6.039968013763427734e+00 1.289357566833496094e+01 2.895484447479248047e+00 -1.025861454010009766e+01 -3.535765647888183594e+00 -8.189814686775207520e-01 1.408483505249023438e+00 4.018650531768798828e+00 -7.871958732604980469e+00
4.594946205615997314e-01 -2.354439496994018555e-01 -2.919759511947631836e+00 2.000631809234619141e+00 -6.483147144317626953e+00 1.026118946075439453e+01 9.627428054809570312e-01 -4.319665431976318359e+00 -1.297432184219360352e-02 7.147074341773986816e-01
1.292473602294921875e+01 -9.152895927429199219e+00 2.621749401092529297e+00 -3.607575416564941406e+00 -4.184047222137451172e+00 -1.480711460113525391e+00 4.300883769989013672e+00 -2.762670516967773438e+00 2.452454715967178345e-01 2.305735826492309570e+00
2.301777601242065430e+00 -7.364290237426757812e+00 2.214181184768676758e+00 -3.638845443725585938e+00 2.894153118133544922e+00 -9.692483544349670410e-01 1.140420722961425781e+01 -1.546133637428283691e+00 1.083045363426208496e+00 -5.557625770568847656e+00
-3.493779182434082031e+00 -4.454748630523681641e+00 -9.385689496994018555e-01 -1.991960406303405762e+00 4.769066810607910156e+00 -5.659140944480895996e-01 -5.429664134979248047e+00 7.064725399017333984e+00 1.585640788078308105e+00 3.914230108261108398e+00
1.113813018798828125e+01 -6.197790145874023438e+00 2.751466751098632812e+00 2.255549877882003784e-01 -1.003560066223144531e+01 3.311742782592773438e+00 2.312408685684204102e-01 1.279973506927490234e+00 -2.076592206954956055e+00 1.244994759559631348e+00
-2.190113067626953125e+00 2.036259889602661133e+00 4.912178039550781250e+00 3.019031524658203125e+00 9.879537820816040039e-01 -9.497787356376647949e-01 2.473274707794189453e+00 -1.453594565391540527e+00 -2.859380960464477539e+00 -5.126109123229980469e+00
-3.063454151153564453e+00 -4.232489585876464844e+00 1.644394695758819580e-01 1.894824862480163574e+00 5.997437834739685059e-01 -1.105538368225097656e+00 -1.379616451263427734e+01 1.350716018676757812e+01 -5.295404791831970215e-01 7.613705635070800781e+00
-2.869235515594482422e+00 -8.735894203186035156e+00 -5.635900497436523438e+00 3.076288223266601562e+00 3.059853553771972656e+00 3.412757635116577148e+00 -1.073745822906494141e+01 3.620580196380615234e+00 2.703419923782348633e+00 1.405998802185058594e+01
-1.156372427940368652e+00 -2.135914564132690430e+00 -2.502645015716552734e+00 4.688608646392822266e+00 -6.013947963714599609e+00 6.344890594482421875e+00 -8.660037040710449219e+00 -5.418272972106933594e+00 1.156727027893066406e+01 3.138101816177368164e+00
1.084260702133178711e+00 -4.349873542785644531e+00 1.403900504112243652e+00 2.742941379547119141e+00 -4.288188457489013672e+00 2.024708271026611328e+00 -9.823768615722656250e+00 1.178432273864746094e+01 -2.203795671463012695e+00 3.720707893371582031e+00
-7.139962673187255859e+00 -8.567497253417968750e+00 1.037268638610839844e+00 -1.641877770423889160e+00 1.280357933044433594e+01 2.743072748184204102e+00 8.853200078010559082e-01 -1.026048183441162109e+00 1.097602367401123047e+00 1.342708945274353027e+00
-6.113764762878417969e+00 3.213662624359130859e+00 1.661074829101562500e+01 8.125963211059570312e+00 -8.538594245910644531e+00 -2.469802379608154297e+00 -5.358735561370849609e+00 3.235880136489868164e-01 3.639533281326293945e+00 -9.307364463806152344e+00
-4.813996315002441406e+00 8.228686332702636719e+00 -1.491711020469665527e+00 1.305328488349914551e+00 -1.417861580848693848e+00 -3.762827873229980469e+00 -5.707369804382324219e+00 2.597579717636108398e+00 3.920058727264404297e+00 3.998798131942749023e-01
-3.705063104629516602e+00 -3.901441097259521484e+00 -2.615271806716918945e+00 -1.358237862586975098e+00 1.206414031982421875e+01 -2.920717239379882812e+00 -3.652776956558227539e+00 3.901423931121826172e+00 -7.644635438919067383e-01 3.874391078948974609e+00
-2.101633787155151367e+00 1.577086329460144043e+00 1.530859112739562988e+00 1.410130310058593750e+01 -8.062107086181640625e+00 4.139924049377441406e+00 -7.000933170318603516e+00 -6.897177219390869141e+00 4.952582359313964844e+00 -9.613184332847595215e-01
-4.240702152252197266e+00 -4.978836536407470703e+00 -3.427952527999877930e+00 -2.454047679901123047e+00 1.050485134124755859e+01 8.208042979240417480e-01 -3.495040655136108398e+00 1.805200815200805664e+00 2.186762571334838867e+00 3.408887147903442383e+00
2.815901994705200195e+00 -4.135813713073730469e+00 1.874893569946289062e+01 4.603898048400878906e+00 -8.085597038269042969e+00 -4.577418327331542969e+00 -1.930963635444641113e+00 -5.799886584281921387e-01 1.187413930892944336e+00 -8.023367881774902344e+00
1.647702574729919434e+00 -4.700643539428710938e+00 1.896874547004699707e+00 -2.719119071960449219e+00 8.080207109451293945e-01 6.810674667358398438e-01 1.141436672210693359e+01 -5.456105709075927734e+00 1.310437202453613281e+00 -4.819162845611572266e+00
-1.853683352470397949e+00 3.466534614562988281e+00 2.157778739929199219e+00 1.324121379852294922e+01 -1.383487319946289062e+01 6.100990295410156250e+00 -6.600290775299072266e+00 -3.807750940322875977e+00 2.731956005096435547e+00 -1.150883197784423828e+00
1.067800712585449219e+01 -1.082531452178955078e+01 7.278978824615478516e-02 -4.150051116943359375e+00 1.155288577079772949e+00 -2.781770944595336914e+00 3.029628038406372070e+00 1.084316611289978027e+00 -1.708793401718139648e+00 5.134254932403564453e+00
9.299780130386352539e-01 -3.464812994003295898e+00 -9.591197371482849121e-01 2.131492137908935547e+00 -1.136984062194824219e+01 1.882902145385742188e+01 1.325951457023620605e+00 -1.096572399139404297e+01 5.362357139587402344e+00 -1.452261328697204590e+00
6.731425523757934570e-01 -3.544827222824096680e+00 -5.048993110656738281e+00 -5.958570837974548340e-01 -2.369407176971435547e+00 1.393260097503662109e+01 -3.946368455886840820e+00 -1.193035483360290527e+00 5.090388774871826172e+00 -1.289021730422973633e+00
3.649689853191375732e-01 -2.477133750915527344e+00 -3.632785320281982422e+00 1.131853580474853516e+01 -5.325584888458251953e+00 6.928640365600585938e+00 -3.647702932357788086e+00 -6.087004661560058594e+00 1.434924364089965820e+00 2.513900041580200195e+00
-3.233365774154663086e+00 -6.595892906188964844e-01 -3.878320455551147461e+00 1.052718877792358398e+00 2.455878496170043945e+00 -1.979450583457946777e-01 -6.168378353118896484e+00 2.590842723846435547e+00 1.904707103967666626e-01 8.072637557983398438e+00
-4.092562675476074219e+00 -3.415399312973022461e+00 -2.898800134658813477e+00 7.733615636825561523e-01 3.506632328033447266e+00 -2.384265065193176270e-01 -5.469604015350341797e+00 1.638795256614685059e+00 1.485033392906188965e+00 8.611648559570312500e+00
